10027000-20101|1|20101|10027000|DISCOUNT 35%|1581552000|2524607940|0|0|1|1|1|1|1|1|1|1
10016040-20101|1|20101|10016040|DISC POT. 10.000|1571184000|2524607940|0|0|1|1|1|1|1|1|1|1
00004239-20101|1|20101|00004239|PROMO HSP GRADO|1462060800|2524607940|0|0|1|1|1|1|1|1|1|1
00002863-20101|1|20101|00002863|DISC 50% GRADO TK|1451952000|2524607940|0|0|1|1|1|1|1|1|1|1
10166441-20101|1|20101|10166441|PROMO HSP LEAGUE|1699401600|1705881540|0|0|1|1|1|1|1|1|1|1
00011472-20101|1|20101|00011472|PROMO HSP ABSOLUTE ALL CHD|1535846400|2524607940|0|0|1|1|1|1|1|1|1|1
10162208-20101|1|20101|10162208|PROMO HSP ABSOLUTE|1682899200|2524607940|0|0|1|1|1|1|1|1|1|1
00011192-20101|1|20101|00011192|DISC 50% P.CARDIN MAN ALL CHD|1533859200|2524607940|0|0|1|1|1|1|1|1|1|1
00001626-20101|1|20101|00001626|DISC 50% P.CARDIN LADIES TK|1441670400|2524607940|0|0|1|1|1|1|1|1|1|1
10166984-20101|1|20101|10166984|DISC 20% PLAYBOY MAN ALL ITEM|1701561600|1704671940|0|0|1|1|1|1|1|1|1|1
00009735-20101|1|20101|00009735|PROMO PLAYBOY HSP TK|1520035200|2524607940|0|0|1|1|1|1|1|1|1|1
10158013-20101|1|20101|10158013|DISC 50%+20% PAKALOLO|1667433600|2524607940|0|0|1|1|1|1|1|1|1|1
10075420-20101|1|20101|10075420|PROMO HSP PAKALOLO|1614556800|2524607940|0|0|1|1|1|1|1|1|1|1
00003651-20101|1|20101|00003651|DISC 30% ROHDE LADIES TK|1456876800|2524607940|0|0|1|1|1|1|1|1|1|1
00003551-20101|1|20101|00003551|DISC 50% HUSH PUPPIES LDS TK|1456790400|2524607940|0|0|1|1|1|1|1|1|1|1
00011619-20101|1|20101|00011619|DISC 70% TOMKINS ALL CHD|1536883200|2524607940|0|0|1|1|1|1|1|1|1|1
10165608-20101|1|20101|10165608|DISC 20% CROCO UNDERWEAR|1696118400|1709251140|0|0|1|1|1|1|1|1|1|1
10165692-20101|1|20101|10165692|DISC 20% GT MAN UNDERWEAR|1696464000|1706745540|0|0|1|1|1|1|1|1|1|1
10108721-20101|1|20101|10108721|DISC 20% RIDE ON ALL CH|1633737600|2524607940|0|0|1|1|1|1|1|1|1|1
10007204-20101|1|20101|10007204|PROMO HSP REGULER|1561939200|2524607940|0|0|1|1|1|1|1|1|1|1
00006637-20101|1|20101|00006637|DISC 50% CROCO FORMAL TK|1487116800|2524607940|0|0|1|1|1|1|1|1|1|1
00000611-20101|1|20101|00000611|DISCOUNT 50% BAJU TIDUR|1430611200|2524607940|0|0|1|1|1|1|1|1|1|1
00000009-20101|1|20101|00000009|DISCOUNT 15%|1429574400|2524607940|0|0|1|1|1|1|1|1|1|1
00004056-20101|1|20101|00004056|DISC 50% LEA BARANG PUTUS|1460073600|2524607940|0|0|1|1|1|1|1|1|1|1
00003474-20101|1|20101|00003474|DISC 50% LEA TK|1456790400|2524607940|0|0|1|1|1|1|1|1|1|1
00003801-20101|1|20101|00003801|DISCOUNT AMOUNT|1457654400|2524607940|0|0|1|1|1|1|1|1|1|1
00005082-20101|1|20101|00005082|DISCOUNT 30% ANTTON|1469664000|2524607940|0|0|1|1|1|1|1|1|1|1
10164329-20101|1|20101|10164329|DISC 10% AVENT ALL ITEM|1691107200|2524607940|0|0|1|1|1|1|1|1|1|1
00011366-20101|1|20101|00011366|DISC 30% SLEDGERS ALL CHD|1535241600|2524607940|0|0|1|1|1|1|1|1|1|1
00007633-20101|1|20101|00007633|DISCOUNT MEMBER|1498003200|2524607940|0|0|1|1|1|1|1|1|1|1
10166353-20101|1|20101|10166353|DISC 90%|1698969600|2524607940|0|0|1|1|1|1|1|1|1|1
00010256-20101|1|20101|00010256|DISC MEMBER 10%|1524700800|2524607940|0|0|1|1|1|1|1|1|1|1
00001541-20101|1|20101|00001541|DISCOUNT AMOUNT|1440806400|2524607940|0|0|1|1|1|1|1|1|1|1
00011978-20101|1|20101|00011978|DISC 50% ARNOLD PALMER LDS|1540771200|2524607940|0|0|1|1|1|1|1|1|1|1
10162201-20101|1|20101|10162201|DISC 70% CROCO MAN|1682899200|2524607940|0|0|1|1|1|1|1|1|1|1
10119080-20101|1|20101|10119080|DISC POT RP.50000 CLAIRE'S|1640908800|2524607940|0|0|1|1|1|1|1|1|1|1
10011620-20101|1|20101|10011620|DISCOUNT 50%+20%+10%|1566259200|2524607940|0|0|1|1|1|1|1|1|1|1
10167670-20101|1|20101|10167670|DISC 30%+20% ABSOLUTE|1704240000|1706745540|0|0|1|1|1|1|1|1|1|1
10162185-20101|1|20101|10162185|DISC 20% CROCO LDS ALL ITEM|1682899200|1706745540|0|0|1|1|1|1|1|1|1|1
00003749-20101|1|20101|00003749|TK-HSP LEVIS|1457136000|2524607940|0|0|1|1|1|1|1|1|1|1
00001085-20101|1|20101|00001085|DISCOUNT 30%+20%|1433203200|2524607940|0|0|1|1|1|1|1|1|1|1
00000158-20101|1|20101|00000158|DISCOUNT 25%|1429315200|2524607940|0|0|1|1|1|1|1|1|1|1
10166924-20101|1|20101|10166924|DISC 50% CROCO MAN JSM|1701388800|1706745540|0|0|1|0|0|0|0|1|1|1
00007251-20101|1|20101|00007251|DISC 20% ABSOLUTE TK|1493337600|2524607940|0|0|1|1|1|1|1|1|1|1
00005978-20101|1|20101|00005978|DISC 70% PIERRE CARDIN MANS|1478217600|2524607940|0|0|1|1|1|1|1|1|1|1
00008000-20101|1|20101|00008000|DISC 50%+20% PLAYBOY TK BKM|1502841600|2524607940|0|0|1|1|1|1|1|1|1|1
10028020-20101|1|20101|10028020|PROMO HSP PLAYBOY TK|1582588800|2524607940|0|0|1|1|1|1|1|1|1|1
10167546-20101|1|20101|10167546|DISC 20% ROHDE LDS|1704499200|1704671940|0|0|1|1|1|1|1|1|1|1
00012851-20101|1|20101|00012851|DISC 20% HUSH PUPPIES MAN|1546819200|2524607940|0|0|1|1|1|1|1|1|1|1
00006101-20101|1|20101|00006101|PROMO HSP H.PUPPIES MANS TK|1480550400|2524607940|0|0|1|1|1|1|1|1|1|1
00000238-20101|1|20101|00000238|DISCOUNT 5% MEMBER WATCH CONS|1429574400|2524607940|0|0|1|1|1|1|1|1|1|1
00006855-20101|1|20101|00006855|DISC 30% TAS WANITA TK|1488931200|2524607940|0|0|1|1|1|1|1|1|1|1
00001149-20101|1|20101|00001149|PROMO COSMETIC HSP|1434412800|2524607940|0|0|1|1|1|1|1|1|1|1
00000434-20101|1|20101|00000434|PROMO BARANG PUTUS HSP|1429833600|2524607940|0|0|1|1|1|1|1|1|1|1
00002681-20101|1|20101|00002681|PROMO HSP BARANG PUTUS TK|1450915200|2524607940|0|0|1|1|1|1|1|1|1|1
00001448-20101|1|20101|00001448|DISC 50% SEPREI|1438819200|2524607940|0|0|1|1|1|1|1|1|1|1
00002840-20101|1|20101|00002840|PROMO ROHDE LADIES HSP TK|1451952000|2524607940|0|0|1|1|1|1|1|1|1|1
00000526-20101|1|20101|00000526|DISCOUNT 50% PWT|1430179200|2524607940|0|0|1|1|1|1|1|1|1|1
00011540-20101|1|20101|00011540|DISC 20% LEAGUE ALL CHD|1536278400|2524607940|0|0|1|1|1|1|1|1|1|1
00002922-20101|1|20101|00002922|PROMO HSP H. PUPPIES LD TK|1452643200|2524607940|0|0|1|1|1|1|1|1|1|1
10007440-20101|1|20101|10007440|DISC 50% BABY MILLIONER|1562198400|2524607940|0|0|1|1|1|1|1|1|1|1
00004669-20101|1|20101|00004669|DISC 30% ANTTON & CO TK|1464739200|2524607940|0|0|1|1|1|1|1|1|1|1
00011635-20101|1|20101|00011635|PROMO HSP PLAYBOY|1537228800|2524607940|0|0|1|1|1|1|1|1|1|1
00012850-20101|1|20101|00012850|DISC 50% HUSH PUPPIES MAN|1546819200|2524607940|0|0|1|1|1|1|1|1|1|1
10165760-20101|1|20101|10165760|DISC 40% ELLE|1696723200|2524607940|0|0|1|1|1|1|1|1|1|1
10167125-20101|1|20101|10167125|DISC 50% TOMKINS|1701907200|1706745540|0|0|1|1|1|1|1|1|1|1
00008113-20101|1|20101|00008113|DISC 70% ROHDE MANS TK|1504224000|2524607940|0|0|1|1|1|1|1|1|1|1
00011230-20101|1|20101|00011230|DISC 50% HUSH PUPPIES LDS|1534204800|2524607940|0|0|1|1|1|1|1|1|1|1
10034820-20101|1|20101|10034820|PROMO HSP ARNOLD PALMER  MAN|1588291200|2524607940|0|0|1|1|1|1|1|1|1|1
00011626-20101|1|20101|00011626|PROMO HSP HUSH PUPPIES LDS|1536969600|2524607940|0|0|1|1|1|1|1|1|1|1
00011466-20101|1|20101|00011466|DISC MEMBER ARDILES|1535760000|2524607940|0|0|1|1|1|1|1|1|1|1
10155020-20101|1|20101|10155020|DISC 50% NUBY|1662163200|2524607940|0|0|1|1|1|1|1|1|1|1
00013299-20101|1|20101|00013299|POTONGAN RP.35000|1550275200|2524607940|0|0|1|1|1|1|1|1|1|1
10166935-20101|1|20101|10166935|DISC 20% EPOCH AQUABEADS|1701388800|1704671940|0|0|1|1|1|1|1|1|1|1
10166937-20101|1|20101|10166937|DISC 20% EPOCH MELLCHAN|1701388800|1704671940|0|0|1|1|1|1|1|1|1|1
00010619-20101|1|20101|00010619|DISCOUNT AMOUNT POT.50|1527984000|2524607940|0|0|1|1|1|1|1|1|1|1
00012845-20101|1|20101|00012845|DISC 50% ANTTON & CO|1546819200|2524607940|0|0|1|1|1|1|1|1|1|1
00011668-20101|1|20101|00011668|PROMO HSP ZANDILAC|1537833600|2524607940|0|0|1|1|1|1|1|1|1|1
10045301-20101|1|20101|10045301|DISC 70% ROBELLI|1596758400|2524607940|0|0|1|1|1|1|1|1|1|1
10054360-20101|1|20101|10054360|PROMO HSP ROBELLI|1602979200|2524607940|0|0|1|1|1|1|1|1|1|1
10017061-20101|1|20101|10017061|DISC 100%|1572393600|2524607940|0|0|1|1|1|1|1|1|1|1
10126840-20101|1|20101|10126840|DISC 50% ARNOLD PALMER LADIES|1646092800|2524607940|0|0|1|1|1|1|1|1|1|1
10020260-20101|1|20101|10020260|DISCOUNT MEMBER 10%|1575590400|2524607940|0|0|1|1|1|1|1|1|1|1
10126820-20101|1|20101|10126820|DISC 30% ARNOLD PALMER LADIES|1646092800|2524607940|0|0|1|1|1|1|1|1|1|1
10126880-20101|1|20101|10126880|DISC 50% ARNOLD PALMER MANS|1646092800|2524607940|0|0|1|1|1|1|1|1|1|1
10158304-20101|1|20101|10158304|PROMO HSP VOTE|1668556800|2524607940|0|0|1|1|1|1|1|1|1|1
10135540-20101|1|20101|10135540|DISC 10% MEMBER|1651104000|2524607940|0|0|1|1|1|1|1|1|1|1
10119060-20101|1|20101|10119060|DISC POT RP.15000 CLAIRE'S|1640908800|2524607940|0|0|1|1|1|1|1|1|1|1
10012301-20101|1|20101|10012301|DISCOUNT 38%|1567123200|2524607940|0|0|1|1|1|1|1|1|1|1
10158300-20101|1|20101|10158300|DISC LABEILLE POT. 100RB|1668556800|2524607940|0|0|1|1|1|1|1|1|1|1
10167604-20101|1|20101|10167604|DISC 50% LEVIS|1704153600|1705017540|0|0|1|1|1|1|1|1|1|1
10167672-20101|1|20101|10167672|DISC 10% ALEXANDER CHRISTIE|1704240000|1706745540|0|0|1|1|1|1|1|1|1|1
00000165-20101|1|20101|00000165|PROMO MEMBER 10%|1429574400|2524607940|0|0|1|1|1|1|1|1|1|1
10002783-20101|1|20101|10002783|DISC POTONGAN 170.000|1555459200|2524607940|0|0|1|1|1|1|1|1|1|1
00000182-20101|1|20101|00000182|PROMO MEMBER 10% PUTUS|1429574400|2524607940|0|0|1|1|1|1|1|1|1|1
00006052-20101|1|20101|00006052|PROMO HSP ABSOLUTE TK|1479513600|2524607940|0|0|1|1|1|1|1|1|1|1
00001416-20101|1|20101|00001416|PROMO P.CARDIN MANS HSP TK|1438387200|2524607940|0|0|1|1|1|1|1|1|1|1
10167401-20101|1|20101|10167401|DISC 20%+20% PAKALOLO|1703203200|1704671940|0|0|1|1|1|1|1|1|1|1
10167419-20101|1|20101|10167419|DISC 30%+20% PAKALOLO|1703203200|1704671940|0|0|1|1|1|1|1|1|1|1
10157123-20101|1|20101|10157123|PROMO HSP PAKALOLO|1663891200|2524607940|0|0|1|1|1|1|1|1|1|1
00010898-20101|1|20101|00010898|PROMO HSP ARDILES ALL|1530748800|2524607940|0|0|1|1|1|1|1|1|1|1
10167544-20101|1|20101|10167544|DISC 20% ROHDE MAN|1704499200|1704671940|0|0|1|1|1|1|1|1|1|1
00004832-20101|1|20101|00004832|DISC 30% ROHDE MANS TK|1466467200|2524607940|0|0|1|1|1|1|1|1|1|1
10167360-20101|1|20101|10167360|DISC 20% HUSH PUPPIES MAN|1702944000|1704671940|0|0|1|1|1|1|1|1|1|1
00011617-20101|1|20101|00011617|DISC 50% TOMKINS ALL CHD|1536796800|2524607940|0|0|1|1|1|1|1|1|1|1
10011486-20101|1|20101|10011486|PROMO HSP TOMKINS|1566000000|2524607940|0|0|1|1|1|1|1|1|1|1
10162020-20101|1|20101|10162020|PROMO HSP PUTUS ALL|1681862400|2524607940|0|0|1|1|1|1|1|1|1|1
00000160-20101|1|20101|00000160|DISCOUNT 10% REVLON|1429315200|2524607940|0|0|1|1|1|1|1|1|1|1
00007368-20101|1|20101|00007368|DISC 70% REGULER|1494288000|2524607940|0|0|1|1|1|1|1|1|1|1
00009238-20101|1|20101|00009238|DISC 10% ELLE ALL TOKO|1516492800|2524607940|0|0|1|1|1|1|1|1|1|1
00010574-20101|1|20101|00010574|DISC 30% LOIS PTS|1527552000|2524607940|0|0|1|1|1|1|1|1|1|1
00009946-20101|1|20101|00009946|DISC 30% BOX|1521590400|2524607940|0|0|1|1|1|1|1|1|1|1
00008034-20101|1|20101|00008034|DISCOUNT 17%|1503100800|2524607940|0|0|1|1|1|1|1|1|1|1
00011918-20101|1|20101|00011918|DISC 50% VOTE ALL CHD|1539907200|2524607940|0|0|1|1|1|1|1|1|1|1
00001443-20101|1|20101|00001443|DISCOUNT 80%|1438646400|2524607940|0|0|1|1|1|1|1|1|1|1
00010551-20101|1|20101|00010551|DISC 50% SLEDGERS ALL CHD|1527206400|2524607940|0|0|1|1|1|1|1|1|1|1
10166266-20101|1|20101|10166266|DISC 50%+11%|1698883200|2524607940|0|0|1|1|1|1|1|1|1|1
10105920-20101|1|20101|10105920|DISC 30% PUTUS|1632182400|2524607940|0|0|1|1|1|1|1|1|1|1
00008114-20101|1|20101|00008114|DISC 70% ROHDE LADIES TK|1504224000|2524607940|0|0|1|1|1|1|1|1|1|1
10166956-20101|1|20101|10166956|DISC 50% TAKUSEN TK|1701388800|2524607940|0|0|1|1|1|1|1|1|1|1
10012200-20101|1|20101|10012200|DISC 50% HUSH PUPPIES LDS|1567036800|2524607940|0|0|1|1|1|1|1|1|1|1
00011663-20101|1|20101|00011663|DISC 50% ROHDE LDS ALL CHD|1537574400|2524607940|0|0|1|1|1|1|1|1|1|1
00011193-20101|1|20101|00011193|DISC 50% ROHDE MAN ALL CHD|1533859200|2524607940|0|0|1|1|1|1|1|1|1|1
00006389-20101|1|20101|00006389|DISC 20% ROHDE LADIES TK|1483660800|2524607940|0|0|1|1|1|1|1|1|1|1
10158130-20101|1|20101|10158130|DISC 50% DR. BROWN TK|1667865600|2524607940|0|0|1|1|1|1|1|1|1|1
10012100-20101|1|20101|10012100|PROMO HSP CROCODILE LDS|1566864000|2524607940|0|0|1|1|1|1|1|1|1|1
00009778-20101|1|20101|00009778|PROMO HSP CROC LADIES|1520380800|2524607940|0|0|1|1|1|1|1|1|1|1
00009329-20101|1|20101|00009329|PROMO SCORPION HSP TK|1517097600|2524607940|0|0|1|1|1|1|1|1|1|1
10007202-20101|1|20101|10007202|DISC 50% CROCODILE KIDS|1561939200|2524607940|0|0|1|1|1|1|1|1|1|1
00011493-20101|1|20101|00011493|PROMO HSP SAMIROSE MAN|1536105600|2524607940|0|0|1|1|1|1|1|1|1|1
10167402-20101|1|20101|10167402|PROMO HSP TOMKINS|1703030400|1706659140|0|0|1|1|1|1|1|1|1|1
00013226-20101|1|20101|00013226|DISC 30% PLAYBOY ALL CHD|1549843200|2524607940|0|0|1|1|1|1|1|1|1|1
00011670-20101|1|20101|00011670|DISC 70% ZANDILAC|1537833600|2524607940|0|0|1|1|1|1|1|1|1|1
10027720-20101|1|20101|10027720|DISC 50%+20%+20% SAMIROSE KIDS|1582243200|2524607940|0|0|1|1|1|1|1|1|1|1
10017700-20101|1|20101|10017700|DISC 50%+20% SLEDGERS SMU|1572739200|2524607940|0|0|1|1|1|1|1|1|1|1
10165604-20101|1|20101|10165604|PROMO HSP SILVER|1696118400|1706745540|0|0|1|1|1|1|1|1|1|1
10167601-20101|1|20101|10167601|DISC 20% BRUNO PREMI MAN|1704499200|1706486340|0|0|1|0|0|0|0|0|1|1
10167602-20101|1|20101|10167602|DISC 20% BRUNO PREMI LDS|1704499200|1706486340|0|0|1|0|0|0|0|0|1|1
10165742-20101|1|20101|10165742|DISC 20% PLAYBOY LDS|1696636800|2524607940|0|0|1|1|1|1|1|1|1|1
10163542-20101|1|20101|10163542|DISC 10% BARENBLISS ALL ITEM|1687910400|2524607940|0|0|1|1|1|1|1|1|1|1
10164610-20101|1|20101|10164610|DISC 10% MEMBER|1692144000|2524607940|0|0|1|1|1|1|1|1|1|1
10167205-20101|1|20101|10167205|PROMO HSP GENTLY|1702339200|2524607940|0|0|1|1|1|1|1|1|1|1
00000003-20101|1|20101|00000003|DISCOUNT 50%|1429574400|2524607940|0|0|1|1|1|1|1|1|1|1
00010204-20101|1|20101|00010204|DISCOUNT 40%+10%|1524182400|2524607940|0|0|1|1|1|1|1|1|1|1
00010550-20101|1|20101|00010550|DISC 50%+20% CROC MAN ALL JSM|1527206400|2524607940|0|0|1|0|0|0|0|1|1|1
10166925-20101|1|20101|10166925|DISC 50%+20% CROCO MAN JSM|1701388800|1706745540|0|0|1|0|0|0|0|1|1|1
10007123-20101|1|20101|10007123|DISC 50% CROCODILE KIDS|1561939200|2524607940|0|0|1|1|1|1|1|1|1|1
00002450-20101|1|20101|00002450|DISC 50% ABSOLUT TK|1448928000|2524607940|0|0|1|1|1|1|1|1|1|1
00001005-20101|1|20101|00001005|DISC 50% P.CARDIN MANS TK|1432771200|2524607940|0|0|1|1|1|1|1|1|1|1
00002023-20101|1|20101|00002023|PROMO P.CARDIN LADIES HSP TK|1445126400|2524607940|0|0|1|1|1|1|1|1|1|1
10013080-20101|1|20101|10013080|DISC 50% OSHKOSH|1568160000|2524607940|0|0|1|1|1|1|1|1|1|1
00002451-20101|1|20101|00002451|DISC 50% ROHDE LADIES TK|1448928000|2524607940|0|0|1|1|1|1|1|1|1|1
00000645-20101|1|20101|00000645|TK-DISCOUNT 30% ROHDE LADIES|1430611200|2524607940|0|0|1|1|1|1|1|1|1|1
00011616-20101|1|20101|00011616|DISC 30% TOMKINS ALL CHD|1536796800|2524607940|0|0|1|1|1|1|1|1|1|1
00009241-20101|1|20101|00009241|DISC 50% ELLE ALL TOKO|1516492800|2524607940|0|0|1|1|1|1|1|1|1|1
00008291-20101|1|20101|00008291|PROMO HSP ELLE ALL CHD|1506816000|2524607940|0|0|1|1|1|1|1|1|1|1
10167753-20101|1|20101|10167753|DISC 25% LATULIPE JSM|1704412800|1706486340|0|0|1|0|0|0|0|1|1|1
00003475-20101|1|20101|00003475|PROMO HSP PIGEON TK|1456790400|2524607940|0|0|1|1|1|1|1|1|1|1
00001449-20101|1|20101|00001449|DISC 50% BARANG PUTUS|1438819200|2524607940|0|0|1|1|1|1|1|1|1|1
00008840-20101|1|20101|00008840|DISC 30% PTS TK|1512691200|2524607940|0|0|1|1|1|1|1|1|1|1
00003036-20101|1|20101|00003036|PROMO HSP BARANG PUTUS TK|1453593600|2524607940|0|0|1|1|1|1|1|1|1|1
10023862-20101|1|20101|10023862|DISC 30% TAKUSEN TK ALL ITEM|1579392000|2524607940|0|0|1|1|1|1|1|1|1|1
00007362-20101|1|20101|00007362|DISC 30% REGULER|1494288000|2524607940|0|0|1|1|1|1|1|1|1|1
00002798-20101|1|20101|00002798|PROMO TOMKINS TK|1451779200|2524607940|0|0|1|1|1|1|1|1|1|1
10152200-20101|1|20101|10152200|DISC 30% TOPI TK|1660694400|2524607940|0|0|1|1|1|1|1|1|1|1
00000468-20101|1|20101|00000468|TK-DISC CROCODILE 50%|1429920000|2524607940|0|0|1|1|1|1|1|1|1|1
10159605-20101|1|20101|10159605|DISC 50% CAMERA ALL ITEM|1673395200|2524607940|0|0|1|1|1|1|1|1|1|1
00008155-20101|1|20101|00008155|DISCOUNT 20%+17%|1504742400|2524607940|0|0|1|1|1|1|1|1|1|1
10026440-20101|1|20101|10026440|DISC 30% LEVI'S|1581120000|2524607940|0|0|1|1|1|1|1|1|1|1
00006128-20101|1|20101|00006128|PROMO HSP|1480636800|2524607940|0|0|1|1|1|1|1|1|1|1
00001930-20101|1|20101|00001930|DISCOUNT 10% MEMBER|1444089600|2524607940|0|0|1|1|1|1|1|1|1|1
00003550-20101|1|20101|00003550|DISC 40% H. PUPPIES LADIES TK|1456790400|2524607940|0|0|1|1|1|1|1|1|1|1
00004328-20101|1|20101|00004328|DISC 10% MEMBER|1462233600|2524607940|0|0|1|1|1|1|1|1|1|1
10073240-20101|1|20101|10073240|DISC 50%+20% CROCO MAN|1613433600|2524607940|0|0|1|1|1|1|1|1|1|1
00011631-20101|1|20101|00011631|PROMO HSP ANTTON & CO|1537228800|2524607940|0|0|1|1|1|1|1|1|1|1
00005378-20101|1|20101|00005378|DISC 20% MIRABELLA ALL|1471651200|2524607940|0|0|1|1|1|1|1|1|1|1
00006666-20101|1|20101|00006666|DISCOUNT MEMBER 10%|1487635200|2524607940|0|0|1|1|1|1|1|1|1|1
10159902-20101|1|20101|10159902|DISC 50% LEVIS TK|1674691200|2524607940|0|0|1|1|1|1|1|1|1|1
00012844-20101|1|20101|00012844|DISC 50% NOCHE LADIES|1546819200|2524607940|0|0|1|1|1|1|1|1|1|1
10018720-20101|1|20101|10018720|PROMO HSP ZANDILAC KIDS|1574121600|2524607940|0|0|1|1|1|1|1|1|1|1
10017582-20101|1|20101|10017582|DISC 30% PIERRE CARDIN LDS|1572652800|2524607940|0|0|1|1|1|1|1|1|1|1
00001497-20101|1|20101|00001497|DISCOUNT 45%|1439596800|2524607940|0|0|1|1|1|1|1|1|1|1
10061140-20101|1|20101|10061140|DISC 50%+45% SAMIROSE LDS|1607385600|2524607940|0|0|1|1|1|1|1|1|1|1
00010310-20101|1|20101|00010310|DISC 50% ARNOLD PALMER LADIES|1525132800|2524607940|0|0|1|1|1|1|1|1|1|1
00011977-20101|1|20101|00011977|DISC 30% ARNOLD PALMER  LDS|1540771200|2524607940|0|0|1|1|1|1|1|1|1|1
10003325-20101|1|20101|10003325|PROMO HSP KEYWEST ALL CHD|1556668800|2524607940|0|0|1|1|1|1|1|1|1|1
10149421-20101|1|20101|10149421|DISC 50% ARNOLD PALMER LDS|1659312000|2524607940|0|0|1|1|1|1|1|1|1|1
10014020-20101|1|20101|10014020|PROMO HSP HINICE|1569369600|2524607940|0|0|1|1|1|1|1|1|1|1
10167668-20101|1|20101|10167668|DISC 40% LEVIS|1704240000|1704671940|0|0|1|1|1|1|1|1|1|1
10148360-20101|1|20101|10148360|DISC POT RP. 100000 CLAIRE'S|1658880000|2524607940|0|0|1|1|1|1|1|1|1|1
10166985-20101|1|20101|10166985|DISC 20% PLAYBOY LDS ALL ITEM|1701561600|1704671940|0|0|1|1|1|1|1|1|1|1
10166936-20101|1|20101|10166936|DISC 20% EPOCH MARIO|1701388800|1704671940|0|0|1|1|1|1|1|1|1|1
10161607-20101|1|20101|10161607|DISC 30% BRUNO PREMI MAN|1680393600|2524607940|0|0|1|1|1|1|1|1|1|1
10166279-20101|1|20101|10166279|DISC 10% MEMBER|1698883200|2524607940|0|0|1|1|1|1|1|1|1|1
00004315-20101|1|20101|00004315|DISC 40%|1462060800|2524607940|0|0|1|1|1|1|1|1|1|1
00000635-20101|1|20101|00000635|TK-DISCOUNT 30% P.CARDIN MANS|1430611200|2524607940|0|0|1|1|1|1|1|1|1|1
00000638-20101|1|20101|00000638|TK-DISCOUNT 30% P.CARDIN LADIE|1430611200|2524607940|0|0|1|1|1|1|1|1|1|1
00008541-20101|1|20101|00008541|DISC 70% PIERRE CARDIN LDS TK|1509580800|2524607940|0|0|1|1|1|1|1|1|1|1
10001981-20101|1|20101|10001981|DISC 30% PLAYBOY|1554681600|2524607940|0|0|1|1|1|1|1|1|1|1
00011634-20101|1|20101|00011634|PROMO HSP NOCHE LDS|1537228800|2524607940|0|0|1|1|1|1|1|1|1|1
00011583-20101|1|20101|00011583|DISC 20% HUSH PUPPIES LDS|1536624000|2524607940|0|0|1|1|1|1|1|1|1|1
00004716-20101|1|20101|00004716|DISC 50% HUSH PUPPIES MAN TK|1464912000|2524607940|0|0|1|1|1|1|1|1|1|1
10167754-20101|1|20101|10167754|DISC 25% LT PRO JSM|1704412800|1706486340|0|0|1|0|0|0|0|1|1|1
10159115-20101|1|20101|10159115|PROMO HSP FREE|1671667200|2524607940|0|0|1|1|1|1|1|1|1|1
00000401-20101|1|20101|00000401|DISCOUNT 50% PWT|1429747200|2524607940|0|0|1|1|1|1|1|1|1|1
00002388-20101|1|20101|00002388|DISC 50% BARANG PUTUS TK|1448755200|2524607940|0|0|1|1|1|1|1|1|1|1
10166627-20101|1|20101|10166627|DISC 10% BABY ALL ITEM|1700179200|2524607940|0|0|1|1|1|1|1|1|1|1
00008790-20101|1|20101|00008790|DISC 10% PUKU PETIT|1512259200|2524607940|0|0|1|1|1|1|1|1|1|1
00000470-20101|1|20101|00000470|DISC 50% ACC|1429920000|2524607940|0|0|1|1|1|1|1|1|1|1
00002251-20101|1|20101|00002251|DISCOUNT 10% MEMBER|1446854400|2524607940|0|0|1|1|1|1|1|1|1|1
10109400-20101|1|20101|10109400|DISC 20% MAINAN|1634342400|2524607940|0|0|1|1|1|1|1|1|1|1
00000830-20101|1|20101|00000830|PROMO MEMBER 10%|1431820800|2524607940|0|0|1|1|1|1|1|1|1|1
10166265-20101|1|20101|10166265|DISC 30%+11%|1698883200|2524607940|0|0|1|1|1|1|1|1|1|1
10050820-20101|1|20101|10050820|PROMO HSP SLEDGERS|1600473600|2524607940|0|0|1|1|1|1|1|1|1|1
00001266-20101|1|20101|00001266|DISCOUNT AMOUNT|1435708800|2524607940|0|0|1|1|1|1|1|1|1|1
00004636-20101|1|20101|00004636|PROMO HSP LEVIS|1464652800|2524607940|0|0|1|1|1|1|1|1|1|1
10158792-20101|1|20101|10158792|DISC 50% VELVET|1670284800|2524607940|0|0|1|1|1|1|1|1|1|1
10166960-20101|1|20101|10166960|PROMO HSP YONGKI MAN|1701475200|2524607940|0|0|1|1|1|1|1|1|1|1
00009242-20101|1|20101|00009242|DISC 25% ELLE ALL TOKO|1516492800|2524607940|0|0|1|1|1|1|1|1|1|1
10166959-20101|1|20101|10166959|DISC 50% VELVET|1701475200|2524607940|0|0|1|1|1|1|1|1|1|1
10166944-20101|1|20101|10166944|DISC 30%+20% CROCO LDS JSM|1701388800|1706745540|0|0|1|0|0|0|0|1|1|1
00011976-20101|1|20101|00011976|DISC 50% ARNOLD PALMER MAN|1540771200|2524607940|0|0|1|1|1|1|1|1|1|1
10002100-20101|1|20101|10002100|DISC 50% ANTTON & CO|1554681600|2524607940|0|0|1|1|1|1|1|1|1|1
00000387-20101|1|20101|00000387|DISCOUNT AMOUNT|1429747200|2524607940|0|0|1|1|1|1|1|1|1|1
00010338-20101|1|20101|00010338|DISC 30%+30%|1525305600|2524607940|0|0|1|1|1|1|1|1|1|1
10019740-20101|1|20101|10019740|DISCOUNT 10% MEMBER|1575072000|2524607940|0|0|1|1|1|1|1|1|1|1
00001207-20101|1|20101|00001207|DISCOUNT 40%|1435190400|2524607940|0|0|1|1|1|1|1|1|1|1
10157023-20101|1|20101|10157023|PROMO HSP CROCODILE MAN|1663632000|2524607940|0|0|1|1|1|1|1|1|1|1
10010561-20101|1|20101|10010561|DISCOUNT MEMBER 10%|1565136000|2524607940|0|0|1|1|1|1|1|1|1|1
10022780-20101|1|20101|10022780|DISC 5% PUTUS|1577836800|2524607940|0|0|1|1|1|1|1|1|1|1
00011219-20101|1|20101|00011219|DISC 50% PATRIZIO ALL CHD|1534032000|2524607940|0|0|1|1|1|1|1|1|1|1
10167124-20101|1|20101|10167124|DISC 20%+20% TOMKINS|1701907200|1706745540|0|0|1|1|1|1|1|1|1|1
10153780-20101|1|20101|10153780|DISC 50%+20%+20%|1661558400|2524607940|0|0|1|1|1|1|1|1|1|1
10101460-20101|1|20101|10101460|DISC 17%+8%|1628899200|2524607940|0|0|1|1|1|1|1|1|1|1
00004826-20101|1|20101|00004826|DISC 25%+10%|1466208000|2524607940|0|0|1|1|1|1|1|1|1|1
00000188-20101|1|20101|00000188|PROMO MEMBER 10%|1429574400|2524607940|0|0|1|1|1|1|1|1|1|1
00001624-20101|1|20101|00001624|DISCOUNT 50%+10%|1441497600|2524607940|0|0|1|1|1|1|1|1|1|1
00003798-20101|1|20101|00003798|DISCOUNT 40%+20%|1457654400|2524607940|0|0|1|1|1|1|1|1|1|1
10023762-20101|1|20101|10023762|DISC 5%|1579219200|2524607940|0|0|1|1|1|1|1|1|1|1
00000342-20101|1|20101|00000342|PROMO MEMBER 10% CONS STOCK|1429660800|2524607940|0|0|1|1|1|1|1|1|1|1
00009240-20101|1|20101|00009240|DISC 30% ELLE ALL TOKO|1516492800|2524607940|0|0|1|1|1|1|1|1|1|1
00001525-20101|1|20101|00001525|DISC 30% PLAYBOY TK|1441065600|2524607940|0|0|1|1|1|1|1|1|1|1
00008406-20101|1|20101|00008406|DISC 50% NOCHE LADIES TK|1508284800|2524607940|0|0|1|1|1|1|1|1|1|1
00001241-20101|1|20101|00001241|DISC 20% VOTE TK|1435449600|2524607940|0|0|1|1|1|1|1|1|1|1
00000640-20101|1|20101|00000640|TK-DISCOUNT 30% ROHDE MANS|1430611200|2524607940|0|0|1|1|1|1|1|1|1|1
00011755-20101|1|20101|00011755|DISC 30% HUSH PUPPIES LDS|1538352000|2524607940|0|0|1|1|1|1|1|1|1|1
00003585-20101|1|20101|00003585|PROMO H. PUPPIES LD HSP TK|1456790400|2524607940|0|0|1|1|1|1|1|1|1|1
10167024-20101|1|20101|10167024|DISC 20%+10% TOMKINS ALL ITEM|1701734400|1706745540|0|0|1|1|1|1|1|1|1|1
10002080-20101|1|20101|10002080|DISC 60% ELLE WATCH|1554595200|2524607940|0|0|1|1|1|1|1|1|1|1
00000379-20101|1|20101|00000379|DISCOUNT 70% DANKAMAN|1429747200|2524607940|0|0|1|1|1|1|1|1|1|1
10007684-20101|1|20101|10007684|DISC 50% REGULER|1562630400|2524607940|0|0|1|1|1|1|1|1|1|1
10157141-20101|1|20101|10157141|DISC 50% PUTUS|1663977600|2524607940|0|0|1|1|1|1|1|1|1|1
10013220-20101|1|20101|10013220|PROMO HSP CROCO FORMAL ALL CHD|1568332800|2524607940|0|0|1|1|1|1|1|1|1|1
00004538-20101|1|20101|00004538|DISC 20% BARANG PUTUS TK|1463702400|2524607940|0|0|1|1|1|1|1|1|1|1
10166945-20101|1|20101|10166945|DISC 50%+20% CROCO LDS JSM|1701388800|1706745540|0|0|1|0|0|0|0|1|1|1
00006736-20101|1|20101|00006736|PROMO DEPT B1G1 YONGKIDZ|1488326400|2524607940|0|0|1|1|1|1|1|1|1|1
00001128-20101|1|20101|00001128|DISCOUNT 20%+20%|1433980800|2524607940|0|0|1|1|1|1|1|1|1|1
00002237-20101|1|20101|00002237|DISCOUNT 10% MEMBER|1446681600|2524607940|0|0|1|1|1|1|1|1|1|1
00011222-20101|1|20101|00011222|DISC 30%+17%|1534032000|2524607940|0|0|1|1|1|1|1|1|1|1
10166961-20101|1|20101|10166961|PROMO HSP YONGKI LDS|1701475200|2524607940|0|0|1|1|1|1|1|1|1|1
00011474-20101|1|20101|00011474|DISC 50% ABSOLUTE ALL CHD|1535846400|2524607940|0|0|1|1|1|1|1|1|1|1
00007918-20101|1|20101|00007918|DISCOUNT 50%+17%|1501891200|2524607940|0|0|1|1|1|1|1|1|1|1
00012792-20101|1|20101|00012792|PROMO HSP PLAYBOY|1546819200|2524607940|0|0|1|1|1|1|1|1|1|1
00011491-20101|1|20101|00011491|PROMO HSP SAMIROSE LDS|1536105600|2524607940|0|0|1|1|1|1|1|1|1|1
00011630-20101|1|20101|00011630|PROMO HSP HUSH PUPPIES MAN|1537228800|2524607940|0|0|1|1|1|1|1|1|1|1
10124881-20101|1|20101|10124881|DISC 14%|1644624000|2524607940|0|0|1|1|1|1|1|1|1|1
00010401-20101|1|20101|00010401|POTONGAN 30.000|1525824000|2524607940|0|0|1|1|1|1|1|1|1|1
10052320-20101|1|20101|10052320|DISC 50% CHU CHU|1601510400|2524607940|0|0|1|1|1|1|1|1|1|1
00012986-20101|1|20101|00012986|DICS MEMBER SCELTA+GRAPE|1547942400|2524607940|0|0|1|1|1|1|1|1|1|1
00008789-20101|1|20101|00008789|DISC 50% ELEGANCE ALL|1512259200|2524607940|0|0|1|1|1|1|1|1|1|1
10148940-20101|1|20101|10148940|PROMO HSP BABY MILLIONER|1658966400|2524607940|0|0|1|1|1|1|1|1|1|1
00012852-20101|1|20101|00012852|DISC 30% HUSH PUPPIES MAN|1546819200|2524607940|0|0|1|1|1|1|1|1|1|1
10017880-20101|1|20101|10017880|DISC 10% MEMBER|1572998400|2524607940|0|0|1|1|1|1|1|1|1|1
10115160-20101|1|20101|10115160|DISC 50% CLEVA MAMA|1638403200|2524607940|0|0|1|1|1|1|1|1|1|1
00011564-20101|1|20101|00011564|DISC 30% HUSH PUPPIES MAN|1536364800|2524607940|0|0|1|1|1|1|1|1|1|1
10013441-20101|1|20101|10013441|DISC 30% PLAYBOY|1568592000|2524607940|0|0|1|1|1|1|1|1|1|1
10167250-20101|1|20101|10167250|DISC 50% LEVIS|1702598400|1705276740|0|0|1|1|1|1|1|1|1|1
10145540-20101|1|20101|10145540|DISC 30% ABSOLUTE|1657411200|2524607940|0|0|1|1|1|1|1|1|1|1
10165787-20101|1|20101|10165787|DISC 30% EMILLY ALL ITEM|1696896000|2524607940|0|0|1|1|1|1|1|1|1|1
10158748-20101|1|20101|10158748|DISC 10% MEMBER|1670025600|2524607940|0|0|1|1|1|1|1|1|1|1
10165071-20101|1|20101|10165071|DISC 30% PLAYBOY LDS|1693872000|2524607940|0|0|1|1|1|1|1|1|1|1
10162863-20101|1|20101|10162863|DISC 50% BRUNO PREMI MAN|1685577600|2524607940|0|0|1|1|1|1|1|1|1|1
00001126-20101|1|20101|00001126|DISCOUNT 70%+20%|1433894400|2524607940|0|0|1|1|1|1|1|1|1|1
10166978-20101|1|20101|10166978|DISC 20% PLAYBOY MAN|1701475200|1704671940|0|0|1|1|1|1|1|1|1|1
10020762-20101|1|20101|10020762|DISC 20%+12%|1576108800|2524607940|0|0|1|1|1|1|1|1|1|1
10165908-20101|1|20101|10165908|DISC 10% MEMBER|1697241600|2524607940|0|0|1|1|1|1|1|1|1|1
10167673-20101|1|20101|10167673|DISC 10% CASIO|1704240000|1706745540|0|0|1|1|1|1|1|1|1|1
00000612-20101|1|20101|00000612|TK-DISCOUNT 30% LEVIS|1430611200|2524607940|0|0|1|1|1|1|1|1|1|1
00000495-20101|1|20101|00000495|DISC 30% LEVIS|1430006400|2524607940|0|0|1|1|1|1|1|1|1|1
10029440-20101|1|20101|10029440|DISC 50% LEVI'S|1583625600|2524607940|0|0|1|1|1|1|1|1|1|1
00000001-20101|1|20101|00000001|DISCOUNT 20%|1429574400|2524607940|0|0|1|1|1|1|1|1|1|1
00000005-20101|1|20101|00000005|DISCOUNT 50%+20%|1429574400|2524607940|0|0|1|1|1|1|1|1|1|1
00001956-20101|1|20101|00001956|DISCOUNT 10%|1444348800|2524607940|0|0|1|1|1|1|1|1|1|1
00001408-20101|1|20101|00001408|DISCOUNT 75%|1438387200|2524607940|0|0|1|1|1|1|1|1|1|1
00000006-20101|1|20101|00000006|DISCOUNT 50%+30%|1429574400|2524607940|0|0|1|1|1|1|1|1|1|1
10011500-20101|1|20101|10011500|DISCOUNT POTONGAN 200.000|1566000000|2524607940|0|0|1|1|1|1|1|1|1|1
10166930-20101|1|20101|10166930|DISC 30% CROCO MAN JSM|1703203200|1706745540|0|0|1|0|0|0|0|1|1|1
00002862-20101|1|20101|00002862|DISC 30% GRADO TK|1451952000|2524607940|0|0|1|1|1|1|1|1|1|1
00001160-20101|1|20101|00001160|DISC 50% CROCODILE KIDS TK|1434672000|2524607940|0|0|1|1|1|1|1|1|1|1
00011362-20101|1|20101|00011362|DISC 50% CROCO FORMAL ALL CHD|1535155200|2524607940|0|0|1|1|1|1|1|1|1|1
10167540-20101|1|20101|10167540|DISC 20% PIERRE CARDIN MAN|1704499200|1704671940|0|0|1|1|1|1|1|1|1|1
00011228-20101|1|20101|00011228|DISC 30% P.CARDIN MAN ALL CHD|1534204800|2524607940|0|0|1|1|1|1|1|1|1|1
10001982-20101|1|20101|10001982|DISC 50%+20% PLAYBOY|1554681600|2524607940|0|0|1|1|1|1|1|1|1|1
10167420-20101|1|20101|10167420|DISC 50%+20% PAKALOLO|1703203200|1704671940|0|0|1|1|1|1|1|1|1|1
10014265-20101|1|20101|10014265|DISC 50% NOCHE|1569801600|2524607940|0|0|1|1|1|1|1|1|1|1
10167361-20101|1|20101|10167361|DISC 20% HUSH PUPPIES LDS|1702944000|1704671940|0|0|1|1|1|1|1|1|1|1
10153720-20101|1|20101|10153720|DISC 50% LYNEA|1661472000|2524607940|0|0|1|1|1|1|1|1|1|1
00000392-20101|1|20101|00000392|PROMO MEMBER 10%|1429747200|2524607940|0|0|1|1|1|1|1|1|1|1
00000381-20101|1|20101|00000381|DISCOUNT 50% HAWAI|1429747200|2524607940|0|0|1|1|1|1|1|1|1|1
00005428-20101|1|20101|00005428|PROMO HSP REGULER|1472342400|2524607940|0|0|1|1|1|1|1|1|1|1
00000585-20101|1|20101|00000585|DISC 50% BAJU TIDUR|1430352000|2524607940|0|0|1|1|1|1|1|1|1|1
00004478-20101|1|20101|00004478|DISC 70% BARANG PUTUS TK|1463184000|2524607940|0|0|1|1|1|1|1|1|1|1
00008377-20101|1|20101|00008377|DISC 50% CANEY|1507852800|2524607940|0|0|1|1|1|1|1|1|1|1
00000456-20101|1|20101|00000456|DISC 30% BARANG PUTUS|1429833600|2524607940|0|0|1|1|1|1|1|1|1|1
00000442-20101|1|20101|00000442|DISCOUNT 50% ACC|1429833600|2524607940|0|0|1|1|1|1|1|1|1|1
00013208-20101|1|20101|00013208|PROMO HSP CROCO FORMAL ALL CHD|1549584000|2524607940|0|0|1|1|1|1|1|1|1|1
00011615-20101|1|20101|00011615|DISC 20% TOMKINS ALL CHD|1536796800|2524607940|0|0|1|1|1|1|1|1|1|1
10008280-20101|1|20101|10008280|DISC 70% PAKALOLO|1562976000|2524607940|0|0|1|1|1|1|1|1|1|1
00001498-20101|1|20101|00001498|DISCOUNT 20%+10%|1439596800|2524607940|0|0|1|1|1|1|1|1|1|1
10157040-20101|1|20101|10157040|DISC 50% PUTUS|1663632000|2524607940|0|0|1|1|1|1|1|1|1|1
00011369-20101|1|20101|00011369|DISC 30% PLAYBOY ALL CHD|1535328000|2524607940|0|0|1|1|1|1|1|1|1|1
10042140-20101|1|20101|10042140|DISC 50% PLAYBOY ALL CHD|1594512000|2524607940|0|0|1|1|1|1|1|1|1|1
10160455-20101|1|20101|10160455|DISC 50% SILVER TK|1676505600|2524607940|0|0|1|1|1|1|1|1|1|1
10167718-20101|1|20101|10167718|DISC 20%+20% CROCO LDS JSM|1704412800|1706745540|0|0|1|0|0|0|0|1|1|1
10013380-20101|1|20101|10013380|DISCOUNT MEMBER|1568419200|2524607940|0|0|1|1|1|1|1|1|1|1
10028001-20101|1|20101|10028001|DISC 70% PLAYBOY|1582588800|2524607940|0|0|1|1|1|1|1|1|1|1
10166934-20101|1|20101|10166934|DISC 20% EPOCH SYLVANIAN|1701388800|1704671940|0|0|1|1|1|1|1|1|1|1
00008904-20101|1|20101|00008904|DISC 50% SCORPION TK|1513382400|2524607940|0|0|1|1|1|1|1|1|1|1
00010016-20101|1|20101|00010016|DISC 30% ARNOLD PALMER MANS|1522627200|2524607940|0|0|1|1|1|1|1|1|1|1
10110661-20101|1|20101|10110661|DICS 50% BABY GANICS|1635465600|2524607940|0|0|1|1|1|1|1|1|1|1
00010541-20101|1|20101|00010541|DISC 20%+20% OTTAVIO LD JUSAMI|1527206400|2524607940|0|0|1|0|0|0|0|1|1|1
10157340-20101|1|20101|10157340|PROMO HSP PAKALOLO|1664928000|2524607940|0|0|1|1|1|1|1|1|1|1
10018740-20101|1|20101|10018740|PROMO HSP ZANDILAC MANS|1574121600|2524607940|0|0|1|1|1|1|1|1|1|1
00010875-20101|1|20101|00010875|DISC 50% BABY MILLIONER ALL|1530662400|2524607940|0|0|1|1|1|1|1|1|1|1
10105840-20101|1|20101|10105840|PROMO HSP ROBELLI 199|1631923200|2524607940|0|0|1|1|1|1|1|1|1|1
10026180-20101|1|20101|10026180|DISC MEMBER|1580947200|2524607940|0|0|1|1|1|1|1|1|1|1
10166955-20101|1|20101|10166955|DISC 50% NAGATOMI TK|1701388800|2524607940|0|0|1|1|1|1|1|1|1|1
10166312-20101|1|20101|10166312|PROMO HSP VELVET TK|1698883200|2524607940|0|0|1|1|1|1|1|1|1|1
00004971-20101|1|20101|00004971|DISC 50%+40%|1467331200|2524607940|0|0|1|1|1|1|1|1|1|1
10159043-20101|1|20101|10159043|DISC MEMBER 10%|1671235200|2524607940|0|0|1|1|1|1|1|1|1|1
10159680-20101|1|20101|10159680|DISC MEMBER 10%|1673654400|2524607940|0|0|1|1|1|1|1|1|1|1
10165600-20101|1|20101|10165600|DISC 30% BRUNO PREMI LADIES|1696118400|2524607940|0|0|1|1|1|1|1|1|1|1
10115080-20101|1|20101|10115080|DISC 12%|1638403200|2524607940|0|0|1|1|1|1|1|1|1|1
10167290-20101|1|20101|10167290|DISC 10%+12%|1702598400|2524607940|0|0|1|1|1|1|1|1|1|1
10167280-20101|1|20101|10167280|DISC 20% LEVIS|1702598400|1705276740|0|0|1|1|1|1|1|1|1|1
00005427-20101|1|20101|00005427|DISC 50% REGULER|1472342400|2524607940|0|0|1|1|1|1|1|1|1|1
00000169-20101|1|20101|00000169|PROMO MEMBER 10%|1429574400|2524607940|0|0|1|1|1|1|1|1|1|1
00000002-20101|1|20101|00000002|DISCOUNT 30%|1429574400|2524607940|0|0|1|1|1|1|1|1|1|1
00000004-20101|1|20101|00000004|DISCOUNT 70%|1429574400|2524607940|0|0|1|1|1|1|1|1|1|1
10166352-20101|1|20101|10166352|DISC POT.15RB|1698969600|2524607940|0|0|1|1|1|1|1|1|1|1
00000159-20101|1|20101|00000159|DISCOUNT 60%|1429315200|2524607940|0|0|1|1|1|1|1|1|1|1
10162200-20101|1|20101|10162200|DISC 70% CROCO MAN JSM|1682899200|2524607940|0|0|1|0|0|0|0|1|1|1
00007620-20101|1|20101|00007620|PROMO HSP GRADO ALL CHD|1497657600|2524607940|0|0|1|1|1|1|1|1|1|1
00001116-20101|1|20101|00001116|DISC 50% CROCODILE KIDS TK|1433808000|2524607940|0|0|1|1|1|1|1|1|1|1
00000326-20101|1|20101|00000326|TK-DISCOUNT 50% ABSOLUTE|1429660800|2524607940|0|0|1|1|1|1|1|1|1|1
00004670-20101|1|20101|00004670|DISC 50% ANTTON & CO TK|1464739200|2524607940|0|0|1|1|1|1|1|1|1|1
10167542-20101|1|20101|10167542|DISC 20% PIERRE CARDIN LDS|1704499200|1704671940|0|0|1|1|1|1|1|1|1|1
00012791-20101|1|20101|00012791|DISC 50%+20% PLAYBOY|1546819200|2524607940|0|0|1|1|1|1|1|1|1|1
00002563-20101|1|20101|00002563|PROMO ST.BARBARA MANS HSP TK|1449532800|2524607940|0|0|1|1|1|1|1|1|1|1
00010595-20101|1|20101|00010595|DISC 50% SPOTTY ALL|1527724800|2524607940|0|0|1|1|1|1|1|1|1|1
00001415-20101|1|20101|00001415|DISC 50% ROHDE MANS TK|1438387200|2524607940|0|0|1|1|1|1|1|1|1|1
00002499-20101|1|20101|00002499|PROMO ROHDE MANS HSP TK|1449014400|2524607940|0|0|1|1|1|1|1|1|1|1
00009239-20101|1|20101|00009239|DISC 20% ELLE ALL TOKO|1516492800|2524607940|0|0|1|1|1|1|1|1|1|1
10167548-20101|1|20101|10167548|PROMO HSP LEAGUE|1703635200|1706745540|0|0|1|1|1|1|1|1|1|1
00000995-20101|1|20101|00000995|DISC 50% TAS WANITA TK|1432598400|2524607940|0|0|1|1|1|1|1|1|1|1
10167362-20101|1|20101|10167362|DISC 10% LITTLE GIANT|1702944000|2524607940|0|0|1|1|1|1|1|1|1|1
00001499-20101|1|20101|00001499|DISCOUNT 30%+10%|1439596800|2524607940|0|0|1|1|1|1|1|1|1|1
10166240-20101|1|20101|10166240|DISC 15% SILVER ALL ITEM|1698796800|1706745540|0|0|1|1|1|1|1|1|1|1
10014061-20101|1|20101|10014061|PROMO HSP OTTAVIO|1569456000|2524607940|0|0|1|1|1|1|1|1|1|1
00011662-20101|1|20101|00011662|DISC 50% P.CARDIN LDS ALL CHD|1537574400|2524607940|0|0|1|1|1|1|1|1|1|1
10049320-20101|1|20101|10049320|PROMO HSP PATRIZIO|1599264000|2524607940|0|0|1|1|1|1|1|1|1|1
10048220-20101|1|20101|10048220|PROMO HSP PAKALOLO|1598918400|2524607940|0|0|1|1|1|1|1|1|1|1
00003549-20101|1|20101|00003549|DISC 20% H.PUPPIES LADIES TK|1456790400|2524607940|0|0|1|1|1|1|1|1|1|1
10012760-20101|1|20101|10012760|DISCOUNT MEMBER|1567728000|2524607940|0|0|1|1|1|1|1|1|1|1
00005645-20101|1|20101|00005645|DISC POTONGAN 10.000|1474675200|2524607940|0|0|1|1|1|1|1|1|1|1
00011492-20101|1|20101|00011492|PROMO HSP SAMIROSE KIDS|1536105600|2524607940|0|0|1|1|1|1|1|1|1|1
10012261-20101|1|20101|10012261|DISC 50% HUSH PUPPIES MAN|1567036800|2524607940|0|0|1|1|1|1|1|1|1|1
00005956-20101|1|20101|00005956|POTONGAN RP.20.000|1478044800|2524607940|0|0|1|1|1|1|1|1|1|1
10066580-20101|1|20101|10066580|PROMO HSP CROCODILE KIDS|1609632000|2524607940|0|0|1|1|1|1|1|1|1|1
00005299-20101|1|20101|00005299|DISCOUNT 17%+8%|1470873600|2524607940|0|0|1|1|1|1|1|1|1|1
10013081-20101|1|20101|10013081|DISC 40% OSHKOSH|1568160000|2524607940|0|0|1|1|1|1|1|1|1|1
00008903-20101|1|20101|00008903|DISC 50% BABY MILLIONER TK|1513382400|2524607940|0|0|1|1|1|1|1|1|1|1
10161168-20101|1|20101|10161168|DISC 70% GABAG|1678924800|2524607940|0|0|1|1|1|1|1|1|1|1
00010033-20101|1|20101|00010033|DISC MEMBER|1522713600|2524607940|0|0|1|1|1|1|1|1|1|1
00013392-20101|1|20101|00013392|DISC 50%+20%+20% SAMIROSE MAN|1551225600|2524607940|0|0|1|1|1|1|1|1|1|1
00010309-20101|1|20101|00010309|DISC 50% ARNOLD PALMER MAN|1525132800|2524607940|0|0|1|1|1|1|1|1|1|1
00011969-20101|1|20101|00011969|DISC 30% PLAYBOY ALL|1541030400|2524607940|0|0|1|1|1|1|1|1|1|1
00008990-20101|1|20101|00008990|DISC MEMBER 10%|1514073600|2524607940|0|0|1|1|1|1|1|1|1|1
10009240-20101|1|20101|10009240|DISCOUNT MEMBER 10%|1563926400|2524607940|0|0|1|1|1|1|1|1|1|1
00010017-20101|1|20101|00010017|DISC 30% ARNOLD PALMER LADIES|1522627200|2524607940|0|0|1|1|1|1|1|1|1|1
10069380-20101|1|20101|10069380|DISC 50%+45% SAMIROSE MAN|1611619200|2524607940|0|0|1|1|1|1|1|1|1|1
10142800-20101|1|20101|10142800|DISC 50%+20%+15%|1656115200|2524607940|0|0|1|1|1|1|1|1|1|1
10162448-20101|1|20101|10162448|DISC 50% PLAYBOY LDS|1683936000|2524607940|0|0|1|1|1|1|1|1|1|1
10161934-20101|1|20101|10161934|DISC MEMBER 10%|1681430400|2524607940|0|0|1|1|1|1|1|1|1|1
10157626-20101|1|20101|10157626|DISC 30% ZOJIRUSHI RICE COOKER|1666224000|2524607940|0|0|1|1|1|1|1|1|1|1
10167502-20101|1|20101|10167502|PROMO HSP MOIMOM|1703376000|2524607940|0|0|1|1|1|1|1|1|1|1
