10167666-10103|0036908|1|9999|316900|0|0|0|0|1
10167666-10103|0067757|1|9999|232900|0|0|0|0|1
10167666-10103|0036896|1|9999|231900|0|0|0|0|1
10167666-10103|0062773|1|9999|287900|0|0|0|0|1
10167666-10103|0073199|1|9999|356900|0|0|0|0|1
10167666-10103|0067754|1|9999|189900|0|0|0|0|1
10167665-10103|0034413|1|9999|308900|0|0|0|0|1
10167665-10103|0075791|1|9999|324900|0|0|0|0|1
10167665-10103|0034423|1|9999|175900|0|0|0|0|1
10167665-10103|0053073|1|9999|124900|0|0|0|0|1
10167663-10103|0073846|1|9999|719900|0|0|0|0|1
10167663-10103|0073847|1|9999|798900|0|0|0|0|1
10167663-10103|0036824|1|9999|376900|0|0|0|0|1
10167665-10103|0053078|1|9999|296900|0|0|0|0|1
10167666-10103|0078091|1|9999|267900|0|0|0|0|1
10167682-10103|0002006|1|9999|20500|0|0|0|0|1
10167720-10103|0030749|1|9999|15900|0|0|0|0|1
10167711-10103|0029728|1|9999|6300|0|0|0|0|1
10167693-10103|0080757|1|9999|24900|0|0|0|0|1
10167693-10103|0002545|1|9999|29200|0|0|0|0|1
10167685-10103|0065221|1|9999|164500|0|0|0|0|1
10167662-10103|0026001|1|9999|40850|0|0|0|0|1
10167719-10103|0010726|1|9999|15000|0|0|0|0|1
10167664-10103|0034201|1|9999|6700|0|0|0|0|1
10167682-10103|0002121|1|9999|20500|0|0|0|0|1
10167693-10103|0025388|1|9999|84900|0|0|0|0|1
10167682-10103|0033609|1|9999|13500|0|0|0|0|1
10167664-10103|0016932|1|9999|4000|0|0|0|0|1
10167711-10103|0025545|1|9999|15900|0|0|0|0|1
10167682-10103|0004756|1|9999|12900|0|0|0|0|1
10167710-10103|0060651|1|9999|88100|0|0|0|0|1
10167719-10103|0073234|1|9999|14950|0|0|0|0|1
10167719-10103|0028460|1|9999|35000|0|0|0|0|1
10167585-10103|0040033|1|9999|287900|0|0|0|0|1
10167719-10103|0065057|1|9999|19200|0|0|0|0|1
10167693-10103|0016132|1|9999|25400|0|0|0|0|1
10167707-10103|0004553|1|9999|5300|0|0|0|0|1
10167693-10103|0025831|1|9999|84900|0|0|0|0|1
10167693-10103|0035876|1|9999|272900|0|0|0|0|1
10167682-10103|0002883|1|9999|10500|0|0|0|0|1
10167719-10103|0014034|1|9999|11500|0|0|0|0|1
10167662-10103|0011112|1|9999|42750|0|0|0|0|1
10167683-10103|0074855|1|9999|82500|0|0|0|0|1
10167711-10103|0037765|1|9999|22400|0|0|0|0|1
10167685-10103|0000975|1|9999|9200|0|0|0|0|1
10167700-10103|0001790|1|9999|9300|0|0|0|0|1
10167664-10103|0013235|1|9999|2550|0|0|0|0|1
10167664-10103|0025274|1|9999|3700|0|0|0|0|1
10167664-10103|0013234|1|9999|2550|0|0|0|0|1
10167719-10103|0066662|1|9999|12900|0|0|0|0|1
10167693-10103|0001560|1|9999|14900|0|0|0|0|1
10167691-10103|0004514|1|9999|3900|0|0|0|0|1
10167585-10103|0025527|1|9999|326500|0|0|0|0|1
10167693-10103|0033351|1|9999|18900|0|0|0|0|1
10167693-10103|0034062|1|9999|10500|0|0|0|0|1
10167701-10103|0032424|1|9999|21600|0|0|0|0|1
10167704-10103|0004539|1|9999|29500|0|0|0|0|1
10167691-10103|0060361|1|9999|36500|0|0|0|0|1
10167693-10103|0004595|1|9999|29200|0|0|0|0|1
10167585-10103|0025746|1|9999|287900|0|0|0|0|1
10167719-10103|0030290|1|9999|4500|0|0|0|0|1
10167693-10103|0065076|1|9999|6000|0|0|0|0|1
10167685-10103|0068831|1|9999|55900|0|0|0|0|1
10167662-10103|0025995|1|9999|40850|0|0|0|0|1
10167693-10103|0034057|1|9999|7300|0|0|0|0|1
10167700-10103|0004776|1|9999|3200|0|0|0|0|1
10167711-10103|0059833|1|9999|16100|0|0|0|0|1
10167693-10103|0017632|1|9999|9300|0|0|0|0|1
10167662-10103|0015834|1|9999|42750|0|0|0|0|1
10167710-10103|0025623|1|9999|136900|0|0|0|0|1
10167719-10103|0016924|1|9999|53500|0|0|0|0|1
10167682-10103|0002046|1|9999|20500|0|0|0|0|1
10167664-10103|0008872|1|9999|11300|0|0|0|0|1
10167719-10103|0012074|1|9999|6300|0|0|0|0|1
10167682-10103|0002577|1|9999|13500|0|0|0|0|1
10167719-10103|0047211|1|9999|7000|0|0|0|0|1
10167664-10103|0033431|1|9999|10500|0|0|0|0|1
10167719-10103|0010032|1|9999|6600|0|0|0|0|1
10167693-10103|0078954|1|9999|6000|0|0|0|0|1
10167693-10103|0081505|1|9999|11700|0|0|0|0|1
10167693-10103|0025816|1|9999|137900|0|0|0|0|1
10167693-10103|0025776|1|9999|185900|0|0|0|0|1
10167719-10103|0008602|1|9999|3000|0|0|0|0|1
10167714-10103|0025489|1|9999|25500|0|0|0|0|1
10167691-10103|0004529|1|9999|3500|0|0|0|0|1
10167682-10103|0031049|1|9999|21500|0|0|0|0|1
10167719-10103|0016559|1|9999|6300|0|0|0|0|1
10167682-10103|0003374|1|9999|12900|0|0|0|0|1
10167693-10103|0034058|1|9999|7900|0|0|0|0|1
10167685-10103|0065217|1|9999|164500|0|0|0|0|1
10167719-10103|0013068|1|9999|6300|0|0|0|0|1
10167700-10103|0001789|1|9999|6400|0|0|0|0|1
10167693-10103|0079733|1|9999|6000|0|0|0|0|1
10167685-10103|0068833|1|9999|56500|0|0|0|0|1
10167691-10103|0079157|1|9999|33900|0|0|0|0|1
10167682-10103|0003020|1|9999|12500|0|0|0|0|1
10167685-10103|0071523|1|9999|39500|0|0|0|0|1
10167704-10103|0002935|1|9999|36900|0|0|0|0|1
10167719-10103|0045316|1|9999|7150|0|0|0|0|1
10167662-10103|0033435|1|9999|15550|0|0|0|0|1
10167682-10103|0031058|1|9999|21500|0|0|0|0|1
10167662-10103|0033440|1|9999|15550|0|0|0|0|1
10167719-10103|0015506|1|9999|4500|0|0|0|0|1
10167664-10103|0012190|1|9999|3700|0|0|0|0|1
10167707-10103|0054329|1|9999|2200|0|0|0|0|1
10167693-10103|0081504|1|9999|11700|0|0|0|0|1
10167719-10103|0013841|1|9999|6300|0|0|0|0|1
10167693-10103|0034056|1|9999|7300|0|0|0|0|1
10167719-10103|0079793|1|9999|4700|0|0|0|0|1
10167662-10103|0047127|1|9999|27650|0|0|0|0|1
10167711-10103|0025722|1|9999|4600|0|0|0|0|1
10167691-10103|0004207|1|9999|10300|0|0|0|0|1
10167693-10103|0025815|1|9999|137900|0|0|0|0|1
10167664-10103|0033432|1|9999|7300|0|0|0|0|1
10167685-10103|0071525|1|9999|44500|0|0|0|0|1
10167693-10103|0066306|1|9999|2600|0|0|0|0|1
10167719-10103|0014091|1|9999|8150|0|0|0|0|1
10167700-10103|0001786|1|9999|3600|0|0|0|0|1
10167742-10103|0003465|1|9999|19900|0|0|0|0|1
10167719-10103|0082578|1|9999|6250|0|0|0|0|1
10167711-10103|0025723|1|9999|2900|0|0|0|0|1
10167693-10103|0035873|1|9999|312900|0|0|0|0|1
10167742-10103|0062907|1|9999|19900|0|0|0|0|1
10167664-10103|0013236|1|9999|2550|0|0|0|0|1
10167719-10103|0013067|1|9999|6300|0|0|0|0|1
10167719-10103|0080178|1|9999|2000|0|0|0|0|1
10167682-10103|0000959|1|9999|10500|0|0|0|0|1
10167711-10103|0009912|1|9999|15900|0|0|0|0|1
10167719-10103|0015433|1|9999|7150|0|0|0|0|1
10167719-10103|0064796|1|9999|18000|0|0|0|0|1
10167685-10103|0068836|1|9999|55900|0|0|0|0|1
10167711-10103|0011342|1|9999|15900|0|0|0|0|1
10167693-10103|0011069|1|9999|156900|0|0|0|0|1
10167664-10103|0033430|1|9999|10500|0|0|0|0|1
10167719-10103|0014848|1|9999|7150|0|0|0|0|1
10167682-10103|0030962|1|9999|20500|0|0|0|0|1
10167700-10103|0001791|1|9999|3600|0|0|0|0|1
10167700-10103|0001788|1|9999|6400|0|0|0|0|1
10167693-10103|0017099|1|9999|100900|0|0|0|0|1
10167664-10103|0008853|1|9999|11300|0|0|0|0|1
10167664-10103|0011558|1|9999|4000|0|0|0|0|1
10167664-10103|0082492|1|9999|12100|0|0|0|0|1
10167719-10103|0013250|1|9999|7150|0|0|0|0|1
10167682-10103|0030934|1|9999|20500|0|0|0|0|1
10167693-10103|0001835|1|9999|14900|0|0|0|0|1
10167711-10103|0017313|1|9999|13900|0|0|0|0|1
10167664-10103|0016935|1|9999|3700|0|0|0|0|1
10167682-10103|0003692|1|9999|10500|0|0|0|0|1
10167719-10103|0013253|1|9999|7150|0|0|0|0|1
10167693-10103|0063180|1|9999|144900|0|0|0|0|1
10167662-10103|0011964|1|9999|42400|0|0|0|0|1
10167683-10103|0074854|1|9999|82500|0|0|0|0|1
10167662-10103|0015819|1|9999|42750|0|0|0|0|1
10167719-10103|0065446|1|9999|11900|0|0|0|0|1
10167710-10103|0060652|1|9999|90900|0|0|0|0|1
10167719-10103|0013069|1|9999|6300|0|0|0|0|1
10167711-10103|0065399|1|9999|17500|0|0|0|0|1
10167719-10103|0059848|1|9999|25850|0|0|0|0|1
10167719-10103|0029722|1|9999|6100|0|0|0|0|1
10167585-10103|0026036|1|9999|155500|0|0|0|0|1
10167700-10103|0003542|1|9999|14500|0|0|0|0|1
10167664-10103|0035811|1|9999|6700|0|0|0|0|1
10167719-10103|0010034|1|9999|6600|0|0|0|0|1
10167683-10103|0074857|1|9999|98500|0|0|0|0|1
10167693-10103|0072652|1|9999|105900|0|0|0|0|1
10167691-10103|0073891|1|9999|32500|0|0|0|0|1
10167700-10103|0001787|1|9999|9300|0|0|0|0|1
10167719-10103|0029895|1|9999|3900|0|0|0|0|1
10167691-10103|0000613|1|9999|24900|0|0|0|0|1
10167691-10103|0004226|1|9999|33900|0|0|0|0|1
10167683-10103|0074856|1|9999|82500|0|0|0|0|1
10167693-10103|0030571|1|9999|6600|0|0|0|0|1
10167714-10103|0055460|1|9999|83500|0|0|0|0|1
10167707-10103|0003964|1|9999|15400|0|0|0|0|1
10167746-10103|0060331|1|9999|4950|0|0|0|0|1
10167693-10103|0025830|1|9999|84900|0|0|0|0|1
10167693-10103|0008817|1|9999|84900|0|0|0|0|1
10167693-10103|0072651|1|9999|107900|0|0|0|0|1
10167711-10103|0074716|1|9999|12600|0|0|0|0|1
10167685-10103|0000976|1|9999|9200|0|0|0|0|1
10167664-10103|0013956|1|9999|7300|0|0|0|0|1
10167719-10103|0047212|1|9999|7000|0|0|0|0|1
10167685-10103|0068837|1|9999|58900|0|0|0|0|1
10167691-10103|0004535|1|9999|2500|0|0|0|0|1
10167742-10103|0032828|1|9999|34900|0|0|0|0|1
10167685-10103|0065223|1|9999|170900|0|0|0|0|1
10167585-10103|0025530|1|9999|145000|0|0|0|0|1
10167691-10103|0003737|1|9999|10300|0|0|0|0|1
10167685-10103|0068832|1|9999|55900|0|0|0|0|1
10167691-10103|0029131|1|9999|20500|0|0|0|0|1
10167710-10103|0025622|1|9999|136900|0|0|0|0|1
10167691-10103|0001250|1|9999|10300|0|0|0|0|1
10167691-10103|0001252|1|9999|10300|0|0|0|0|1
10167691-10103|0001251|1|9999|10300|0|0|0|0|1
10167662-10103|0008162|1|9999|37900|0|0|0|0|1
10167711-10103|0029729|1|9999|6300|0|0|0|0|1
10167719-10103|0064114|1|9999|9500|0|0|0|0|1
10167719-10103|0066661|1|9999|12900|0|0|0|0|1
10167700-10103|0001243|1|9999|14500|0|0|0|0|1
10167700-10103|0003541|1|9999|14500|0|0|0|0|1
10167711-10103|0081565|1|9999|277900|0|0|0|0|1
10167682-10103|0031048|1|9999|21500|0|0|0|0|1
10167719-10103|0013203|1|9999|7150|0|0|0|0|1
10167693-10103|0025889|1|9999|195900|0|0|0|0|1
10167700-10103|0002277|1|9999|14500|0|0|0|0|1
10167693-10103|0009137|1|9999|11150|0|0|0|0|1
10167693-10103|0017163|1|9999|91500|0|0|0|0|1
10167710-10103|0008438|1|9999|9400|0|0|0|0|1
10167693-10103|0025392|1|9999|84900|0|0|0|0|1
10167719-10103|0016660|1|9999|35000|0|0|0|0|1
10167719-10103|0016661|1|9999|18900|0|0|0|0|1
10167682-10103|0004409|1|9999|4800|0|0|0|0|1
10167682-10103|0002001|1|9999|10500|0|0|0|0|1
10167693-10103|0065077|1|9999|6000|0|0|0|0|1
10167693-10103|0030539|1|9999|6600|0|0|0|0|1
10167693-10103|0033350|1|9999|10500|0|0|0|0|1
10167662-10103|0033441|1|9999|16700|0|0|0|0|1
10167693-10103|0033396|1|9999|195900|0|0|0|0|1
10167664-10103|0014114|1|9999|16100|0|0|0|0|1
10167664-10103|0012193|1|9999|16100|0|0|0|0|1
10167664-10103|0016933|1|9999|4000|0|0|0|0|1
10167711-10103|0075098|1|9999|9900|0|0|0|0|1
10167585-10103|0025526|1|9999|326500|0|0|0|0|1
10167682-10103|0000960|1|9999|13500|0|0|0|0|1
10167693-10103|0061019|1|9999|160900|0|0|0|0|1
10167719-10103|0061247|1|9999|36000|0|0|0|0|1
10167691-10103|0001268|1|9999|10300|0|0|0|0|1
10167585-10103|0026035|1|9999|155500|0|0|0|0|1
10167682-10103|0030940|1|9999|20500|0|0|0|0|1
10167719-10103|0070095|1|9999|32900|0|0|0|0|1
10167693-10103|0079732|1|9999|6000|0|0|0|0|1
10167719-10103|0073235|1|9999|14950|0|0|0|0|1
10167693-10103|0025896|1|9999|185900|0|0|0|0|1
10167719-10103|0070458|1|9999|5500|0|0|0|0|1
10167662-10103|0025307|1|9999|40850|0|0|0|0|1
10167710-10103|0038482|1|9999|9400|0|0|0|0|1
10167719-10103|0066663|1|9999|11900|0|0|0|0|1
10167719-10103|0079792|1|9999|4700|0|0|0|0|1
10167664-10103|0025280|1|9999|3700|0|0|0|0|1
10167719-10103|0037023|1|9999|21900|0|0|0|0|1
10167693-10103|0011070|1|9999|156900|0|0|0|0|1
10167711-10103|0081564|1|9999|277900|0|0|0|0|1
10167693-10103|0025817|1|9999|137900|0|0|0|0|1
10167693-10103|0066307|1|9999|2600|0|0|0|0|1
10167719-10103|0038106|1|9999|21500|0|0|0|0|1
10167682-10103|0029152|1|9999|30500|0|0|0|0|1
10167719-10103|0051112|1|9999|4800|0|0|0|0|1
10167693-10103|0053373|1|9999|18900|0|0|0|0|1
10167700-10103|0079539|1|9999|28800|0|0|0|0|1
10167700-10103|0079537|1|9999|28800|0|0|0|0|1
10167719-10103|0084322|1|9999|3700|0|0|0|0|1
10167719-10103|0084323|1|9999|3700|0|0|0|0|1
10167719-10103|0062056|1|9999|7150|0|0|0|0|1
10167700-10103|0003135|1|9999|3600|0|0|0|0|1
10167704-10103|0003143|1|9999|7600|0|0|0|0|1
10167704-10103|0003144|1|9999|7600|0|0|0|0|1
10167707-10103|0071416|1|9999|16400|0|0|0|0|1
10167665-10103|0039611|1|9999|262900|0|0|0|0|1
10167665-10103|0062416|1|9999|292900|0|0|0|0|1
10167719-10103|0009904|1|9999|13200|0|0|0|0|1
10167682-10103|0029020|1|9999|30500|0|0|0|0|1
10167683-10103|0029120|1|9999|23200|0|0|0|0|1
10167683-10103|0029094|1|9999|23200|0|0|0|0|1
10167682-10103|0033612|1|9999|8900|0|0|0|0|1
10167682-10103|0033611|1|9999|8900|0|0|0|0|1
10167682-10103|0033613|1|9999|8900|0|0|0|0|1
10167682-10103|0084551|1|9999|4500|0|0|0|0|1
10167682-10103|0084554|1|9999|12500|0|0|0|0|1
10167682-10103|0084555|1|9999|12500|0|0|0|0|1
10167700-10103|0084546|1|9999|13200|0|0|0|0|1
10167700-10103|0084613|1|9999|14000|0|0|0|0|1
10167700-10103|0084614|1|9999|14000|0|0|0|0|1
10167704-10103|0084544|1|9999|16200|0|0|0|0|1
10167704-10103|0084545|1|9999|16200|0|0|0|0|1
10167704-10103|0084582|1|9999|8900|0|0|0|0|1
10167711-10103|0070545|1|9999|3800|0|0|0|0|1
10167711-10103|0072379|1|9999|3800|0|0|0|0|1
10167711-10103|0072380|1|9999|3800|0|0|0|0|1
10167711-10103|0072381|1|9999|3800|0|0|0|0|1
10167711-10103|0035939|1|9999|7800|0|0|0|0|1
10167711-10103|0035940|1|9999|7300|0|0|0|0|1
10167711-10103|0038254|1|9999|7300|0|0|0|0|1
10167711-10103|0038255|1|9999|7300|0|0|0|0|1
10167711-10103|0054786|1|9999|7300|0|0|0|0|1
10167711-10103|0054787|1|9999|7300|0|0|0|0|1
10167711-10103|0054788|1|9999|7800|0|0|0|0|1
10167711-10103|0054789|1|9999|7800|0|0|0|0|1
10167723-10103|0029726|1|9999|6300|0|0|0|0|1
10167723-10103|0029727|1|9999|6300|0|0|0|0|1
10167711-10103|0030357|1|9999|6300|0|0|0|0|1
10167711-10103|0035937|1|9999|7800|0|0|0|0|1
10167711-10103|0035938|1|9999|7800|0|0|0|0|1
10167685-10103|0080072|1|9999|142500|0|0|0|0|1
10167685-10103|0080073|1|9999|142500|0|0|0|0|1
10167684-10103|0077785|1|9999|93500|0|0|0|0|1
10167684-10103|0077786|1|9999|93500|0|0|0|0|1
10167684-10103|0080070|1|9999|93500|0|0|0|0|1
10163464-10103|0081563|1|9999|22900|0|0|0|0|1
10167711-10103|0048979|1|9999|20800|0|0|0|0|1
10167711-10103|0048977|1|9999|20800|0|0|0|0|1
10167711-10103|0067466|1|9999|2900|0|0|0|0|1
10167665-10103|0054559|1|9999|379900|0|0|0|0|1
10167665-10103|0034425|1|9999|337900|0|0|0|0|1
10167666-10103|0074646|1|9999|646900|0|0|0|0|1
10167691-10103|0084647|1|9999|15500|0|0|0|0|1
10167742-10103|0003463|1|9999|19900|0|0|0|0|1
10167662-10103|0084630|1|9999|17100|0|0|0|0|1
10167719-10103|0082870|1|9999|4950|0|0|0|0|1
10167685-10103|0081384|1|9999|88500|0|0|0|0|1
10167711-10103|0049546|1|9999|20800|0|0|0|0|1
10167719-10103|0082871|1|9999|4950|0|0|0|0|1
10167719-10103|0084509|1|9999|4950|0|0|0|0|1
10167661-10103|0051382|1|9999|78500|0|0|0|0|1
10167693-10103|0081964|1|9999|311900|0|0|0|0|1
10167693-10103|0081965|1|9999|311900|0|0|0|0|1
10167693-10103|0072650|1|9999|107900|0|0|0|0|1
10167719-10103|0082763|1|9999|2250|0|0|0|0|1
10167756-10103|0067235|1|9999||15|0|0|0|1
10167662-10103|0084631|1|9999|17100|0|0|0|0|1
10167700-10103|0032701|1|9999|3200|0|0|0|0|1
10167666-10103|0046434|1|9999|349900|0|0|0|0|1
10167662-10103|0008147|1|9999|41500|0|0|0|0|1
10167711-10103|0015613|1|9999|21500|0|0|0|0|1
10167699-10103|0032705|1|9999|2600|0|0|0|0|1
10167700-10103|0002477|1|9999|17500|0|0|0|0|1
10167711-10103|0048959|1|9999|4600|0|0|0|0|1
10167711-10103|0048963|1|9999|4600|0|0|0|0|1
10167700-10103|0032812|1|9999|3200|0|0|0|0|1
10167700-10103|0032750|1|9999|3200|0|0|0|0|1
10167682-10103|0054473|1|9999|50900|0|0|0|0|1
10167682-10103|0054474|1|9999|50900|0|0|0|0|1
10167682-10103|0054475|1|9999|53900|0|0|0|0|1
10167691-10103|0059346|1|9999|36500|0|0|0|0|1
10167719-10103|0085523|1|9999|3700|0|0|0|0|1
10167719-10103|0085253|1|9999|5500|0|0|0|0|1
10167700-10103|0002090|1|9999|11500|0|0|0|0|1
10167664-10103|0085511|1|9999|4000|0|0|0|0|1
10167701-10103|0064001|1|9999|11500|0|0|0|0|1
10167701-10103|0004914|1|9999|16200|0|0|0|0|1
10167749-10103|0067993|1|9999|849000|0|0|0|0|1
10167700-10103|0002089|1|9999|11500|0|0|0|0|1
10167684-10103|0022171|1|9999|42500|0|0|0|0|1
10167742-10103|0047303|1|9999|36900|0|0|0|0|1
10167663-10103|0036838|1|9999|512900|0|0|0|0|1
10167711-10103|0067412|1|9999|7300|0|0|0|0|1
10167711-10103|0040634|1|9999|2900|0|0|0|0|1
10167682-10103|0053829|1|9999|19500|0|0|0|0|1
10167682-10103|0053828|1|9999|19500|0|0|0|0|1
10167704-10103|0085296|1|9999|16200|0|0|0|0|1
10167682-10103|0029063|1|9999|4800|0|0|0|0|1
10167701-10103|0064000|1|9999|11500|0|0|0|0|1
10167685-10103|0078384|1|9999|9200|0|0|0|0|1
10167746-10103|0085201|1|9999|4950|0|0|0|0|1
10167711-10103|0067413|1|9999|7800|0|0|0|0|1
10167722-10103|0082033|1|9999|43000|0|0|0|0|1
10167482-10103|0030984|1|9999|11900|0|0|0|0|1
10167482-10103|0030983|1|9999|11900|0|0|0|0|1
10167691-10103|0065575|1|9999|32500|0|0|0|0|1
10167691-10103|0073890|1|9999|65500|0|0|0|0|1
10167700-10103|0002091|1|9999|11500|0|0|0|0|1
10167682-10103|0070599|1|9999|16500|0|0|0|0|1
10167682-10103|0070600|1|9999|16500|0|0|0|0|1
10167682-10103|0080295|1|9999|16500|0|0|0|0|1
10167693-10103|0086577|1|9999|165900|0|0|0|0|1
10167693-10103|0086576|1|9999|165900|0|0|0|0|1
10167662-10103|0086613|1|9999|16150|0|0|0|0|1
10167665-10103|0044628|1|9999|407900|0|0|0|0|1
10167665-10103|0061304|1|9999|563900|0|0|0|0|1
10167665-10103|0034398|1|9999|325900|0|0|0|0|1
10167665-10103|0071838|1|9999|265900|0|0|0|0|1
10167663-10103|0081669|1|9999|376900|0|0|0|0|1
10167663-10103|0036836|1|9999|512900|0|0|0|0|1
10167663-10103|0062224|1|9999|672900|0|0|0|0|1
10167663-10103|0056308|1|9999|894900|0|0|0|0|1
10167663-10103|0062225|1|9999|462900|0|0|0|0|1
10167663-10103|0045723|1|9999|673900|0|0|0|0|1
10167758-10103|0053654|1|9999|249000|0|0|0|0|1
10167758-10103|0053659|1|9999|849000|0|0|0|0|1
10167758-10103|0053662|1|9999|2599000|0|0|0|0|1
10167758-10103|0073200|1|9999|2999000|0|0|0|0|1
10167749-10103|0074205|1|9999|2799000|0|0|0|0|1
10167749-10103|0062762|1|9999|649000|0|0|0|0|1
10167749-10103|0075465|1|9999|749000|0|0|0|0|1
10167749-10103|0050636|1|9999|899000|0|0|0|0|1
10167685-10103|0078385|1|9999|9200|0|0|0|0|1
10167682-10103|0080293|1|9999|16500|0|0|0|0|1
10167710-10103|0034675|1|9999|48300|0|0|0|0|1
10167710-10103|0076479|1|9999|48900|0|0|0|0|1
10167707-10103|0002432|1|9999|27100|0|0|0|0|1
10167662-10103|0065778|1|9999|129400|0|0|0|0|1
10167662-10103|0065777|1|9999|129400|0|0|0|0|1
10167662-10103|0065780|1|9999|122700|0|0|0|0|1
10167662-10103|0071045|1|9999|122700|0|0|0|0|1
10167662-10103|0062483|1|9999|15550|0|0|0|0|1
10167691-10103|0075243|1|9999|32500|0|0|0|0|1
10167691-10103|0075242|1|9999|32500|0|0|0|0|1
10167691-10103|0073892|1|9999|32500|0|0|0|0|1
10167722-10103|0082093|1|9999|43500|0|0|0|0|1
10167722-10103|0081394|1|9999|43500|0|0|0|0|1
10167722-10103|0081393|1|9999|43500|0|0|0|0|1
10167723-10103|0040713|1|9999|13050|0|0|0|0|1
10167723-10103|0040712|1|9999|28300|0|0|0|0|1
10167722-10103|0073177|1|9999|27900|0|0|0|0|1
10167722-10103|0073175|1|9999|27900|0|0|0|0|1
10167722-10103|0073176|1|9999|27900|0|0|0|0|1
10167711-10103|0040711|1|9999|13000|0|0|0|0|1
10167711-10103|0040710|1|9999|28300|0|0|0|0|1
10167711-10103|0040632|1|9999|28300|0|0|0|0|1
10167711-10103|0040631|1|9999|28300|0|0|0|0|1
10167722-10103|0081036|1|9999|35900|0|0|0|0|1
10167722-10103|0073182|1|9999|35900|0|0|0|0|1
10167722-10103|0037758|1|9999|235000|0|0|0|0|1
10167722-10103|0073184|1|9999|35900|0|0|0|0|1
10167722-10103|0073332|1|9999|35900|0|0|0|0|1
10167722-10103|0073186|1|9999|35900|0|0|0|0|1
10167722-10103|0073179|1|9999|35900|0|0|0|0|1
10167722-10103|0073183|1|9999|35900|0|0|0|0|1
10167722-10103|0037756|1|9999|265000|0|0|0|0|1
10167722-10103|0073185|1|9999|35900|0|0|0|0|1
10167722-10103|0037761|1|9999|235000|0|0|0|0|1
10167722-10103|0073181|1|9999|35900|0|0|0|0|1
10167722-10103|0037762|1|9999|235000|0|0|0|0|1
10167722-10103|0073180|1|9999|27900|0|0|0|0|1
10167722-10103|0030214|1|9999|35600|0|0|0|0|1
10167722-10103|0063669|1|9999|35600|0|0|0|0|1
10167722-10103|0064030|1|9999|35600|0|0|0|0|1
10167722-10103|0030270|1|9999|35600|0|0|0|0|1
10167722-10103|0040709|1|9999|35600|0|0|0|0|1
10167722-10103|0063671|1|9999|35600|0|0|0|0|1
10167722-10103|0027190|1|9999|35600|0|0|0|0|1
10167722-10103|0063670|1|9999|35600|0|0|0|0|1
10167711-10103|0072070|1|9999|31900|0|0|0|0|1
10167722-10103|0075709|1|9999|47800|0|0|0|0|1
10167722-10103|0075707|1|9999|47800|0|0|0|0|1
10167722-10103|0075706|1|9999|47800|0|0|0|0|1
10167722-10103|0075708|1|9999|47800|0|0|0|0|1
10167722-10103|0075705|1|9999|47800|0|0|0|0|1
10167722-10103|0082705|1|9999|37400|0|0|0|0|1
10167723-10103|0016139|1|9999|28300|0|0|0|0|1
10167723-10103|0029975|1|9999|28300|0|0|0|0|1
10167723-10103|0016142|1|9999|28300|0|0|0|0|1
10167723-10103|0030174|1|9999|28300|0|0|0|0|1
10167723-10103|0016664|1|9999|28300|0|0|0|0|1
10167723-10103|0016247|1|9999|28300|0|0|0|0|1
10167723-10103|0012583|1|9999|28300|0|0|0|0|1
10167723-10103|0016140|1|9999|28300|0|0|0|0|1
10167723-10103|0074382|1|9999|28300|0|0|0|0|1
10167723-10103|0029716|1|9999|28300|0|0|0|0|1
10167684-10103|0047639|1|9999|140500|0|0|0|0|1
10167684-10103|0047640|1|9999|140500|0|0|0|0|1
10167684-10103|0047641|1|9999|140500|0|0|0|0|1
10167756-10103|0057277|1|9999||15|0|0|0|1
10167756-10103|0057279|1|9999||15|0|0|0|1
10167755-10103|0057280|1|9999||20|0|0|0|1
10167756-10103|0057284|1|9999||15|0|0|0|1
10167756-10103|0045988|1|9999||15|0|0|0|1
10167585-10103|0084141|1|9999|627500|0|0|0|0|1
10167585-10103|0084142|1|9999|701000|0|0|0|0|1
10167685-10103|0081380|1|9999|84900|0|0|0|0|1
10167685-10103|0081381|1|9999|84900|0|0|0|0|1
10167685-10103|0081382|1|9999|84900|0|0|0|0|1
10167685-10103|0081383|1|9999|88500|0|0|0|0|1
10167684-10103|0078134|1|9999|15900|0|0|0|0|1
10167711-10103|0078392|1|9999|13600|0|0|0|0|1
10167691-10103|0076627|1|9999|20500|0|0|0|0|1
10167691-10103|0030966|1|9999|20500|0|0|0|0|1
10167682-10103|0030974|1|9999|30500|0|0|0|0|1
10167685-10103|0004796|1|9999|47500|0|0|0|0|1
10167685-10103|0029196|1|9999|20200|0|0|0|0|1
10167682-10103|0080294|1|9999|16500|0|0|0|0|1
10167682-10103|0066512|1|9999|30500|0|0|0|0|1
10167682-10103|0080290|1|9999|30500|0|0|0|0|1
10167685-10103|0080291|1|9999|47500|0|0|0|0|1
10167685-10103|0078383|1|9999|20200|0|0|0|0|1
10167711-10103|0065400|1|9999|16100|0|0|0|0|1
10167711-10103|0065401|1|9999|16100|0|0|0|0|1
10167711-10103|0059832|1|9999|17500|0|0|0|0|1
10167711-10103|0075560|1|9999|16100|0|0|0|0|1
10167719-10103|0077092|1|9999|9500|0|0|0|0|1
10167700-10103|0079486|1|9999|25500|0|0|0|0|1
10167700-10103|0079490|1|9999|25500|0|0|0|0|1
10167700-10103|0079487|1|9999|25500|0|0|0|0|1
10167700-10103|0047655|1|9999|14700|0|0|0|0|1
10167700-10103|0004362|1|9999|18500|0|0|0|0|1
10167482-10103|0030982|1|9999|11900|0|0|0|0|1
10167700-10103|0004363|1|9999|18500|0|0|0|0|1
10167700-10103|0032870|1|9999|18500|0|0|0|0|1
10167700-10103|0033047|1|9999|18500|0|0|0|0|1
10167700-10103|0033590|1|9999|28800|0|0|0|0|1
10167700-10103|0079538|1|9999|28800|0|0|0|0|1
10167700-10103|0079540|1|9999|28800|0|0|0|0|1
10167700-10103|0077699|1|9999|10500|0|0|0|0|1
10167700-10103|0077698|1|9999|10500|0|0|0|0|1
10167704-10103|0002836|1|9999|8900|0|0|0|0|1
10167700-10103|0047661|1|9999|6300|0|0|0|0|1
10167700-10103|0047662|1|9999|6300|0|0|0|0|1
10167700-10103|0079489|1|9999|25500|0|0|0|0|1
10167704-10103|0057261|1|9999|16200|0|0|0|0|1
10167704-10103|0057262|1|9999|16200|0|0|0|0|1
10167699-10103|0083805|1|9999|34800|0|0|0|0|1
10167699-10103|0083803|1|9999|34800|0|0|0|0|1
10167699-10103|0083804|1|9999|34800|0|0|0|0|1
10167699-10103|0063553|1|9999|22000|0|0|0|0|1
10167699-10103|0063554|1|9999|22000|0|0|0|0|1
10167667-10103|0081446|1|9999|423900|0|0|0|0|1
10167691-10103|0059342|1|9999|33900|0|0|0|0|1
10167749-10103|0036379|1|9999|499000|0|0|0|0|1
10167665-10103|0034387|1|9999|245900|0|0|0|0|1
10167722-10103|0086849|1|9999|35900|0|0|0|0|1
10167722-10103|0086850|1|9999|35900|0|0|0|0|1
10167711-10103|0086851|1|9999|13000|0|0|0|0|1
10167685-10103|0083598|1|9999|49900|0|0|0|0|1
10167685-10103|0083599|1|9999|49900|0|0|0|0|1
10167719-10103|0062057|1|9999|21900|0|0|0|0|1
10167707-10103|0076352|1|9999|33200|0|0|0|0|1
10167707-10103|0078144|1|9999|18600|0|0|0|0|1
10167700-10103|0041645|1|9999|19200|0|0|0|0|1
10167700-10103|0041646|1|9999|19200|0|0|0|0|1
10167700-10103|0041647|1|9999|19200|0|0|0|0|1
10167693-10103|0086550|1|9999|272900|0|0|0|0|1
10167693-10103|0086822|1|9999|272900|0|0|0|0|1
10167683-10103|0078890|1|9999|155900|0|0|0|0|1
10167683-10103|0078891|1|9999|155900|0|0|0|0|1
10167683-10103|0078892|1|9999|155900|0|0|0|0|1
10167683-10103|0078893|1|9999|169900|0|0|0|0|1
10167722-10103|0087111|1|9999|130000|0|0|0|0|1
10167758-10103|0053648|1|9999|1549000|0|0|0|0|1
10167711-10103|0059834|1|9999|16100|0|0|0|0|1
10167711-10103|0075561|1|9999|16100|0|0|0|0|1
10167693-10103|0085593|1|9999|137900|0|0|0|0|1
10167711-10103|0071507|1|9999|4900|0|0|0|0|1
10167700-10103|0001989|1|9999|12000|0|0|0|0|1
10167719-10103|0087219|1|9999|4950|0|0|0|0|1
10167719-10103|0087230|1|9999|18000|0|0|0|0|1
10167710-10103|0085896|1|9999|7350|0|0|0|0|1
10167699-10103|0063999|1|9999|27800|0|0|0|0|1
10167719-10103|0087245|1|9999|8750|0|0|0|0|1
10167719-10103|0087244|1|9999|8750|0|0|0|0|1
10167700-10103|0003509|1|9999|14000|0|0|0|0|1
10167700-10103|0003423|1|9999|14000|0|0|0|0|1
10167700-10103|0033945|1|9999|14000|0|0|0|0|1
10167682-10103|0033603|1|9999|35500|0|0|0|0|1
10167682-10103|0033606|1|9999|35500|0|0|0|0|1
10167701-10103|0084561|1|9999|21600|0|0|0|0|1
10167749-10103|0063280|1|9999|1649000|0|0|0|0|1
10167749-10103|0062305|1|9999|1249000|0|0|0|0|1
10167662-10103|0062482|1|9999|15550|0|0|0|0|1
10167749-10103|0053551|1|9999|249000|0|0|0|0|1
10167666-10103|0053080|1|9999|542900|0|0|0|0|1
10167663-10103|0042428|1|9999|926900|0|0|0|0|1
10167710-10103|0087480|1|9999|18150|0|0|0|0|1
10167714-10103|0087498|1|9999|42700|0|0|0|0|1
10167700-10103|0054112|1|9999|19200|0|0|0|0|1
10167711-10103|0087788|1|9999|19700|0|0|0|0|1
10167700-10103|0022474|1|9999|17500|0|0|0|0|1
10167693-10103|0087954|1|9999|155900|0|0|0|0|1
10167693-10103|0087955|1|9999|155900|0|0|0|0|1
10167662-10103|0087984|1|9999|14800|0|0|0|0|1
10167662-10103|0087985|1|9999|14800|0|0|0|0|1
10167711-10103|0087981|1|9999|12900|0|0|0|0|1
10167704-10103|0057547|1|9999|16200|0|0|0|0|1
10167704-10103|0057548|1|9999|16200|0|0|0|0|1
10167741-10103|0088118|1|9999|21850|0|0|0|0|1
10167704-10103|0061168|1|9999|16200|0|0|0|0|1
10167704-10103|0061169|1|9999|16200|0|0|0|0|1
10167704-10103|0061170|1|9999|16200|0|0|0|0|1
10167742-10103|0035624|1|9999|36900|0|0|0|0|1
10167685-10103|0029057|1|9999|9200|0|0|0|0|1
10167749-10103|0064043|1|9999|2549000|0|0|0|0|1
10167749-10103|0048264|1|9999|299000|0|0|0|0|1
10167583-10103|0088663|1|9999|49500|0|0|0|0|1
10167666-10103|0087996|1|9999|621900|0|0|0|0|1
10167749-10103|0055541|1|9999|4799000|0|0|0|0|1
10167700-10103|0057221|1|9999|14500|0|0|0|0|1
10167704-10103|0057220|1|9999|11200|0|0|0|0|1
10167749-10103|0055749|1|9999|2999000|0|0|0|0|1
10166034-10103|0067533|1|9999||50|0|0|0|1
10166034-10103|0061638|1|9999||50|0|0|0|1
10167747-10103|0020438|1|9999||20|0|0|0|1
10166034-10103|0067490|1|9999||50|0|0|0|1
10167742-10103|0062935|1|9999|19500|0|0|0|0|1
10166034-10103|0067539|1|9999||50|0|0|0|1
10167722-10103|0087285|1|9999|60300|0|0|0|0|1
10167719-10103|0014803|1|9999|35000|0|0|0|0|1
10167666-10103|0088391|1|9999|967900|0|0|0|0|1
10167704-10103|0057474|1|9999|23500|0|0|0|0|1
10167682-10103|0000983|1|9999|7900|0|0|0|0|1
10167666-10103|0063255|1|9999|342900|0|0|0|0|1
10167666-10103|0063254|1|9999|518900|0|0|0|0|1
10167666-10103|0063258|1|9999|304900|0|0|0|0|1
10167666-10103|0063256|1|9999|216900|0|0|0|0|1
10167685-10103|0047642|1|9999|142500|0|0|0|0|1
10167700-10103|0064230|1|9999|11600|0|0|0|0|1
10167700-10103|0064231|1|9999|11600|0|0|0|0|1
10167700-10103|0064232|1|9999|11600|0|0|0|0|1
10167700-10103|0064233|1|9999|11600|0|0|0|0|1
10167711-10103|0089368|1|9999|28300|0|0|0|0|1
10167714-10103|0089354|1|9999|42700|0|0|0|0|1
10167758-10103|0055534|1|9999|2049000|0|0|0|0|1
10167758-10103|0088357|1|9999|3999000|0|0|0|0|1
10167664-10103|0089279|1|9999|2550|0|0|0|0|1
10167704-10103|0076353|1|9999|34900|0|0|0|0|1
10167747-10103|0052956|1|9999||20|0|0|0|1
10167664-10103|0089568|1|9999|15700|0|0|0|0|1
10167701-10103|0070292|1|9999|21600|0|0|0|0|1
10167685-10103|0059660|1|9999|52900|0|0|0|0|1
10167685-10103|0059661|1|9999|52900|0|0|0|0|1
10167685-10103|0059662|1|9999|52900|0|0|0|0|1
10167685-10103|0065051|1|9999|37900|0|0|0|0|1
10167685-10103|0065052|1|9999|59500|0|0|0|0|1
10167682-10103|0051844|1|9999|57000|0|0|0|0|1
10167666-10103|0088389|1|9999|397900|0|0|0|0|1
10167666-10103|0087994|1|9999|491900|0|0|0|0|1
10167700-10103|0060840|1|9999|6600|0|0|0|0|1
10167663-10103|0041931|1|9999|1319900|0|0|0|0|1
10167663-10103|0041940|1|9999|2669900|0|0|0|0|1
10167663-10103|0042444|1|9999|3279900|0|0|0|0|1
10167758-10103|0059155|1|9999|6949000|0|0|0|0|1
10167700-10103|0085241|1|9999|13500|0|0|0|0|1
10167700-10103|0085240|1|9999|13500|0|0|0|0|1
10167700-10103|0004465|1|9999|9300|0|0|0|0|1
10167700-10103|0002088|1|9999|11500|0|0|0|0|1
10167666-10103|0067740|1|9999|416900|0|0|0|0|1
10167747-10103|0064665|1|9999||20|0|0|0|1
10167666-10103|0067744|1|9999|276900|0|0|0|0|1
10167719-10103|0090121|1|9999|1900|0|0|0|0|1
10167719-10103|0090122|1|9999|1900|0|0|0|0|1
10167719-10103|0090123|1|9999|1900|0|0|0|0|1
10167682-10103|0069903|1|9999|8900|0|0|0|0|1
10167685-10103|0069904|1|9999|47500|0|0|0|0|1
10167685-10103|0069907|1|9999|47500|0|0|0|0|1
10167711-10103|0090198|1|9999|12900|0|0|0|0|1
10167711-10103|0048956|1|9999|4600|0|0|0|0|1
10167749-10103|0060347|1|9999|3299000|0|0|0|0|1
10167663-10103|0060344|1|9999|457900|0|0|0|0|1
10167693-10103|0073381|1|9999|71900|0|0|0|0|1
10167693-10103|0070352|1|9999|71900|0|0|0|0|1
10167693-10103|0070351|1|9999|71500|0|0|0|0|1
10167711-10103|0090406|1|9999|7100|0|0|0|0|1
10167758-10103|0088356|1|9999|3649000|0|0|0|0|1
10167710-10103|0090321|1|9999|114100|0|0|0|0|1
10167749-10103|0064494|1|9999|1099000|0|0|0|0|1
10167682-10103|0049666|1|9999|10500|0|0|0|0|1
10167685-10103|0033587|1|9999|14900|0|0|0|0|1
10167683-10103|0031069|1|9999|23200|0|0|0|0|1
10167704-10103|0049298|1|9999|16200|0|0|0|0|1
10167704-10103|0049299|1|9999|16200|0|0|0|0|1
10167704-10103|0049300|1|9999|16200|0|0|0|0|1
10167700-10103|0049409|1|9999|8200|0|0|0|0|1
10167700-10103|0049410|1|9999|5500|0|0|0|0|1
10167700-10103|0049411|1|9999|5500|0|0|0|0|1
10167682-10103|0049667|1|9999|10500|0|0|0|0|1
10167722-10103|0090676|1|9999|60300|0|0|0|0|1
10167722-10103|0090677|1|9999|60300|0|0|0|0|1
10167722-10103|0090678|1|9999|60300|0|0|0|0|1
10167722-10103|0090673|1|9999|15200|0|0|0|0|1
10167722-10103|0090674|1|9999|15200|0|0|0|0|1
10167722-10103|0090675|1|9999|15200|0|0|0|0|1
10167722-10103|0090670|1|9999|15200|0|0|0|0|1
10167722-10103|0090671|1|9999|15200|0|0|0|0|1
10167722-10103|0090672|1|9999|60300|0|0|0|0|1
10167711-10103|0025546|1|9999|15900|0|0|0|0|1
10167711-10103|0025242|1|9999|15900|0|0|0|0|1
10167749-10103|0090749|1|9999|8849000|0|0|0|0|1
10167749-10103|0090758|1|9999|4399000|0|0|0|0|1
10167749-10103|0090760|1|9999|3449000|0|0|0|0|1
10167711-10103|0090835|1|9999|17500|0|0|0|0|1
10167711-10103|0090833|1|9999|16100|0|0|0|0|1
10167749-10103|0041041|1|9999|4249000|0|0|0|0|1
10167594-10103|0090895|1|9999|24750|0|0|0|0|1
10167594-10103|0090896|1|9999|24750|0|0|0|0|1
10167747-10103|0064521|1|9999||20|0|0|0|1
10167758-10103|0060337|1|9999|9049000|0|0|0|0|1
10167758-10103|0059154|1|9999|4649000|0|0|0|0|1
10167749-10103|0050836|1|9999|1099000|0|0|0|0|1
10167749-10103|0066653|1|9999|2899000|0|0|0|0|1
10167749-10103|0079138|1|9999|3149000|0|0|0|0|1
10167569-10103|0070023|1|9999|14900|0|0|0|0|1
10167704-10103|0070022|1|9999|14300|0|0|0|0|1
10167758-10103|0090968|1|9999|4999000|0|0|0|0|1
10167758-10103|0090969|1|9999|4599000|0|0|0|0|1
10167758-10103|0090973|1|9999|499000|0|0|0|0|1
10167700-10103|0070033|1|9999|25500|0|0|0|0|1
10167700-10103|0070031|1|9999|14000|0|0|0|0|1
10167700-10103|0070030|1|9999|14000|0|0|0|0|1
10167700-10103|0070035|1|9999|3200|0|0|0|0|1
10167700-10103|0070032|1|9999|3200|0|0|0|0|1
10167700-10103|0070037|1|9999|8000|0|0|0|0|1
10167700-10103|0070034|1|9999|25500|0|0|0|0|1
10167700-10103|0070036|1|9999|14500|0|0|0|0|1
10167682-10103|0070045|1|9999|10500|0|0|0|0|1
10167682-10103|0070046|1|9999|12500|0|0|0|0|1
10167758-10103|0091036|1|9999|2799300|0|0|0|0|1
10167758-10103|0091038|1|9999|3429300|0|0|0|0|1
10167749-10103|0055542|1|9999|5499000|0|0|0|0|1
10167749-10103|0091061|1|9999|3749000|0|0|0|0|1
10167682-10103|0070047|1|9999|12500|0|0|0|0|1
10167682-10103|0065420|1|9999|4500|0|0|0|0|1
10167685-10103|0077118|1|9999|15900|0|0|0|0|1
10167749-10103|0055840|1|9999|1449000|0|0|0|0|1
10167758-10103|0060336|1|9999|8399000|0|0|0|0|1
10167758-10103|0055535|1|9999|2849000|0|0|0|0|1
10167749-10103|0057729|1|9999|949000|0|0|0|0|1
10167758-10103|0091221|1|9999|23549000|0|0|0|0|1
10167699-10103|0059669|1|9999|27500|0|0|0|0|1
10167700-10103|0059670|1|9999|10500|0|0|0|0|1
10167682-10103|0066799|1|9999|16500|0|0|0|0|1
10167749-10103|0091375|1|9999|3199000|0|0|0|0|1
10167682-10103|0065511|1|9999|4500|0|0|0|0|1
10167666-10103|0089179|1|9999|317900|0|0|0|0|1
10167665-10103|0053074|1|9999|212900|0|0|0|0|1
10167665-10103|0034416|1|9999|291900|0|0|0|0|1
10167749-10103|0091610|1|9999|3099000|0|0|0|0|1
10167749-10103|0091609|1|9999|3199000|0|0|0|0|1
10167685-10103|0059600|1|9999|47900|0|0|0|0|1
10167685-10103|0059599|1|9999|47900|0|0|0|0|1
10167685-10103|0059601|1|9999|53900|0|0|0|0|1
10167691-10103|0049246|1|9999|36500|0|0|0|0|1
10167684-10103|0022229|1|9999|52500|0|0|0|0|1
10167684-10103|0022179|1|9999|59500|0|0|0|0|1
10167711-10103|0075555|1|9999|151500|0|0|0|0|1
10167685-10103|0047694|1|9999|65500|0|0|0|0|1
10167685-10103|0047695|1|9999|65500|0|0|0|0|1
10167685-10103|0047696|1|9999|65500|0|0|0|0|1
10167685-10103|0047691|1|9999|65500|0|0|0|0|1
10167685-10103|0047692|1|9999|65500|0|0|0|0|1
10167685-10103|0047693|1|9999|65500|0|0|0|0|1
10167685-10103|0047697|1|9999|65500|0|0|0|0|1
10167719-10103|0091749|1|9999|6900|0|0|0|0|1
10167719-10103|0091750|1|9999|6900|0|0|0|0|1
10167758-10103|0091753|1|9999|279000|0|0|0|0|1
10167756-10103|0055795|1|9999||15|0|0|0|1
10167755-10103|0075881|1|9999||20|0|0|0|1
10167700-10103|0045567|1|9999|14000|0|0|0|0|1
10167700-10103|0004364|1|9999|18500|0|0|0|0|1
10167700-10103|0045571|1|9999|18500|0|0|0|0|1
10167700-10103|0045572|1|9999|28800|0|0|0|0|1
10167663-10103|0091998|1|9999|776900|0|0|0|0|1
10167663-10103|0092005|1|9999|804900|0|0|0|0|1
10167666-10103|0092062|1|9999|296900|0|0|0|0|1
10167685-10103|0065220|1|9999|164500|0|0|0|0|1
10167749-10103|0090759|1|9999|3299000|0|0|0|0|1
10167682-10103|0078912|1|9999|7900|0|0|0|0|1
10167700-10103|0004464|1|9999|6400|0|0|0|0|1
10167722-10103|0092260|1|9999|56200|0|0|0|0|1
10167667-10103|0063262|1|9999|138900|0|0|0|0|1
10167667-10103|0063263|1|9999|356900|0|0|0|0|1
10167711-10103|0069205|1|9999|6500|0|0|0|0|1
10167711-10103|0074715|1|9999|6500|0|0|0|0|1
10167755-10103|0067223|1|9999||20|0|0|0|1
10167585-10103|0092351|1|9999|82000|0|0|0|0|1
10167585-10103|0092354|1|9999|159500|0|0|0|0|1
10167585-10103|0092352|1|9999|84500|0|0|0|0|1
10167585-10103|0092353|1|9999|168200|0|0|0|0|1
10167667-10103|0092344|1|9999|638900|0|0|0|0|1
10167667-10103|0092345|1|9999|946900|0|0|0|0|1
10167667-10103|0092346|1|9999|493900|0|0|0|0|1
10167667-10103|0092347|1|9999|369900|0|0|0|0|1
10167684-10103|0077783|1|9999|65500|0|0|0|0|1
10167682-10103|0088167|1|9999|19500|0|0|0|0|1
10167684-10103|0077117|1|9999|15900|0|0|0|0|1
10167682-10103|0088169|1|9999|10500|0|0|0|0|1
10167696-10103|0048278|1|9999|28500|0|0|0|0|1
10167696-10103|0048280|1|9999|28900|0|0|0|0|1
10167693-10103|0075527|1|9999|105900|0|0|0|0|1
10167682-10103|0081712|1|9999|6900|0|0|0|0|1
10167682-10103|0081713|1|9999|11900|0|0|0|0|1
10167685-10103|0081714|1|9999|47500|0|0|0|0|1
10167585-10103|0092555|1|9999|341600|0|0|0|0|1
10167585-10103|0092556|1|9999|355200|0|0|0|0|1
10167710-10103|0092468|1|9999|150900|0|0|0|0|1
10167666-10103|0078094|1|9999|265900|0|0|0|0|1
10167691-10103|0070726|1|9999|33900|0|0|0|0|1
10167685-10103|0065054|1|9999|69500|0|0|0|0|1
10167685-10103|0065055|1|9999|69500|0|0|0|0|1
10167685-10103|0065056|1|9999|82900|0|0|0|0|1
10167682-10103|0081722|1|9999|3500|0|0|0|0|1
10167682-10103|0081723|1|9999|11900|0|0|0|0|1
10167682-10103|0081717|1|9999|35500|0|0|0|0|1
10167682-10103|0081720|1|9999|3500|0|0|0|0|1
10167758-10103|0092661|1|9999|4499000|0|0|0|0|1
10167722-10103|0092673|1|9999|130000|0|0|0|0|1
10167663-10103|0092707|1|9999|354900|0|0|0|0|1
10167663-10103|0092708|1|9999|506900|0|0|0|0|1
10167711-10103|0092677|1|9999|4600|0|0|0|0|1
10167685-10103|0083607|1|9999|164500|0|0|0|0|1
10167685-10103|0065218|1|9999|164500|0|0|0|0|1
10167685-10103|0065219|1|9999|164500|0|0|0|0|1
10167685-10103|0037136|1|9999|16500|0|0|0|0|1
10167719-10103|0090636|1|9999|6500|0|0|0|0|1
10167719-10103|0090637|1|9999|6500|0|0|0|0|1
10167747-10103|0092935|1|9999||20|0|0|0|1
10167749-10103|0091326|1|9999|3799000|0|0|0|0|1
10167711-10103|0092937|1|9999|21500|0|0|0|0|1
10167667-10103|0093014|1|9999|848900|0|0|0|0|1
10167665-10103|0093106|1|9999|269900|0|0|0|0|1
10167665-10103|0093108|1|9999|299900|0|0|0|0|1
10167665-10103|0093109|1|9999|515900|0|0|0|0|1
10167665-10103|0093110|1|9999|468900|0|0|0|0|1
10167665-10103|0093111|1|9999|221900|0|0|0|0|1
10167665-10103|0093198|1|9999|232900|0|0|0|0|1
10167666-10103|0093173|1|9999|343900|0|0|0|0|1
10167714-10103|0093174|1|9999|38600|0|0|0|0|1
10167682-10103|0093203|1|9999|12500|0|0|0|0|1
10167682-10103|0093201|1|9999|18500|0|0|0|0|1
10167682-10103|0093202|1|9999|18500|0|0|0|0|1
10167719-10103|0093186|1|9999|7800|0|0|0|0|1
10167701-10103|0093137|1|9999|15900|0|0|0|0|1
10167701-10103|0093138|1|9999|15900|0|0|0|0|1
10167701-10103|0093139|1|9999|15900|0|0|0|0|1
10167758-10103|0093228|1|9999|849000|0|0|0|0|1
10167666-10103|0093232|1|9999|315900|0|0|0|0|1
10167749-10103|0093269|1|9999|3949000|0|0|0|0|1
10167684-10103|0022287|1|9999|163900|0|0|0|0|1
10167684-10103|0022289|1|9999|163900|0|0|0|0|1
10167667-10103|0064896|1|9999|185900|0|0|0|0|1
10167682-10103|0068031|1|9999|34500|0|0|0|0|1
10167711-10103|0093430|1|9999|32800|0|0|0|0|1
10167749-10103|0093447|1|9999|4749000|0|0|0|0|1
10167695-10103|0043745|1|9999|26500|0|0|0|0|1
10167695-10103|0043742|1|9999|39900|0|0|0|0|1
10167758-10103|0093450|1|9999|9749000|0|0|0|0|1
10167758-10103|0093451|1|9999|13399000|0|0|0|0|1
10167758-10103|0093452|1|9999|11949000|0|0|0|0|1
10167758-10103|0093477|1|9999|4149000|0|0|0|0|1
10167667-10103|0093488|1|9999|1091900|0|0|0|0|1
10167667-10103|0093489|1|9999|327900|0|0|0|0|1
10167667-10103|0093490|1|9999|122900|0|0|0|0|1
10167663-10103|0093499|1|9999|1702900|0|0|0|0|1
10167663-10103|0093547|1|9999|411900|0|0|0|0|1
10167758-10103|0093605|1|9999|499000|0|0|0|0|1
10167758-10103|0093710|1|9999|7249000|0|0|0|0|1
10167758-10103|0093711|1|9999|5699000|0|0|0|0|1
10167758-10103|0093712|1|9999|1099000|0|0|0|0|1
10167663-10103|0094072|1|9999|864900|0|0|0|0|1
10167758-10103|0094165|1|9999|4899000|0|0|0|0|1
10167758-10103|0094166|1|9999|6899000|0|0|0|0|1
10167758-10103|0094167|1|9999|16549000|0|0|0|0|1
10167758-10103|0094168|1|9999|3999000|0|0|0|0|1
10167666-10103|0094201|1|9999|496900|0|0|0|0|1
10167666-10103|0094196|1|9999|253900|0|0|0|0|1
10167666-10103|0094197|1|9999|114900|0|0|0|0|1
10167666-10103|0094199|1|9999|234900|0|0|0|0|1
10167755-10103|0075883|1|9999||20|0|0|0|1
10167749-10103|0094306|1|9999|3749000|0|0|0|0|1
10167665-10103|0034414|1|9999|876900|0|0|0|0|1
10167682-10103|0065738|1|9999|8900|0|0|0|0|1
10167684-10103|0065739|1|9999|17500|0|0|0|0|1
10167682-10103|0064636|1|9999|11500|0|0|0|0|1
10167691-10103|0065735|1|9999|15900|0|0|0|0|1
10167696-10103|0043744|1|9999|49200|0|0|0|0|1
10167696-10103|0043746|1|9999|49200|0|0|0|0|1
10167696-10103|0048277|1|9999|49200|0|0|0|0|1
10167696-10103|0043741|1|9999|64500|0|0|0|0|1
10167695-10103|0043740|1|9999|26500|0|0|0|0|1
10167756-10103|0055800|1|9999||15|0|0|0|1
10167758-10103|0094432|1|9999|7149000|0|0|0|0|1
10167758-10103|0094431|1|9999|1399000|0|0|0|0|1
10167667-10103|0064897|1|9999|635900|0|0|0|0|1
10167746-10103|0094468|1|9999|4950|0|0|0|0|1
10167711-10103|0094435|1|9999|7400|0|0|0|0|1
10167569-10103|0071184|1|9999|4950|0|0|0|0|1
10167746-10103|0094487|1|9999|4950|0|0|0|0|1
10167758-10103|0094525|1|9999|4499000|0|0|0|0|1
10167758-10103|0094526|1|9999|2549000|0|0|0|0|1
10167682-10103|0059953|1|9999|4500|0|0|0|0|1
10167682-10103|0059954|1|9999|4500|0|0|0|0|1
10167682-10103|0059955|1|9999|4500|0|0|0|0|1
10167685-10103|0094519|1|9999|51500|0|0|0|0|1
10167685-10103|0094520|1|9999|51500|0|0|0|0|1
10167685-10103|0094521|1|9999|51500|0|0|0|0|1
10167758-10103|0094585|1|9999|1199000|0|0|0|0|1
10167749-10103|0094584|1|9999|1799000|0|0|0|0|1
10167666-10103|0094631|1|9999|367900|0|0|0|0|1
10167719-10103|0094650|1|9999|8700|0|0|0|0|1
10167758-10103|0094734|1|9999|499000|0|0|0|0|1
10167719-10103|0090634|1|9999|19500|0|0|0|0|1
10167719-10103|0090635|1|9999|19500|0|0|0|0|1
10167666-10103|0094747|1|9999|565900|0|0|0|0|1
10167749-10103|0094793|1|9999|1499000|0|0|0|0|1
10167704-10103|0045061|1|9999|9900|0|0|0|0|1
10167700-10103|0045062|1|9999|18500|0|0|0|0|1
10167700-10103|0045063|1|9999|18500|0|0|0|0|1
10167700-10103|0045064|1|9999|28800|0|0|0|0|1
10167700-10103|0045065|1|9999|28800|0|0|0|0|1
10167685-10103|0045518|1|9999|18500|0|0|0|0|1
10167684-10103|0062540|1|9999|68900|0|0|0|0|1
10167758-10103|0095000|1|9999|2449000|0|0|0|0|1
10167747-10103|0081698|1|9999||20|0|0|0|1
10167749-10103|0095005|1|9999|8399000|0|0|0|0|1
10167710-10103|0095009|1|9999|19800|0|0|0|0|1
10167710-10103|0095010|1|9999|19800|0|0|0|0|1
10167710-10103|0095011|1|9999|19800|0|0|0|0|1
10167710-10103|0095012|1|9999|19800|0|0|0|0|1
10167710-10103|0095013|1|9999|19800|0|0|0|0|1
10167710-10103|0095014|1|9999|19800|0|0|0|0|1
10167684-10103|0062543|1|9999|68900|0|0|0|0|1
10167685-10103|0047139|1|9999|66500|0|0|0|0|1
10167691-10103|0062577|1|9999|21500|0|0|0|0|1
10167691-10103|0062578|1|9999|15900|0|0|0|0|1
10167685-10103|0046497|1|9999|16500|0|0|0|0|1
10167685-10103|0046498|1|9999|18500|0|0|0|0|1
10167685-10103|0046499|1|9999|52900|0|0|0|0|1
10166034-10103|0067537|1|9999||50|0|0|0|1
10166034-10103|0067516|1|9999||50|0|0|0|1
10166034-10103|0064368|1|9999||50|0|0|0|1
10166034-10103|0052295|1|9999||50|0|0|0|1
10166034-10103|0088755|1|9999||50|0|0|0|1
10166034-10103|0042461|1|9999||50|0|0|0|1
10167749-10103|0095184|1|9999|12999000|0|0|0|0|1
10167719-10103|0095193|1|9999|29900|0|0|0|0|1
10167665-10103|0095089|1|9999|566900|0|0|0|0|1
10167747-10103|0052957|1|9999||20|0|0|0|1
10167747-10103|0020437|1|9999||20|0|0|0|1
10167747-10103|0052952|1|9999||20|0|0|0|1
10167747-10103|0052955|1|9999||20|0|0|0|1
10167747-10103|0052953|1|9999||20|0|0|0|1
10167747-10103|0020571|1|9999||20|0|0|0|1
10167747-10103|0052958|1|9999||20|0|0|0|1
10167747-10103|0068060|1|9999||20|0|0|0|1
10167747-10103|0052959|1|9999||20|0|0|0|1
10167747-10103|0064535|1|9999||20|0|0|0|1
10167747-10103|0064668|1|9999||20|0|0|0|1
10167747-10103|0064518|1|9999||20|0|0|0|1
10167747-10103|0037594|1|9999||20|0|0|0|1
10167747-10103|0020459|1|9999||20|0|0|0|1
10167747-10103|0020441|1|9999||20|0|0|0|1
10167747-10103|0064533|1|9999||20|0|0|0|1
10167747-10103|0019975|1|9999||20|0|0|0|1
10167682-10103|0070582|1|9999|10500|0|0|0|0|1
10167682-10103|0070583|1|9999|10500|0|0|0|0|1
10167663-10103|0095273|1|9999|1828900|0|0|0|0|1
10167747-10103|0039856|1|9999||20|0|0|0|1
10167747-10103|0064525|1|9999||20|0|0|0|1
10167569-10103|0095333|1|9999|12900|0|0|0|0|1
10167711-10103|0095078|1|9999|13400|0|0|0|0|1
10167665-10103|0095451|1|9999|1015900|0|0|0|0|1
10167663-10103|0095465|1|9999|2283900|0|0|0|0|1
10167682-10103|0095521|1|9999|13900|0|0|0|0|1
10167666-10103|0095436|1|9999|1118900|0|0|0|0|1
10167749-10103|0056970|1|9999|159900|0|0|0|0|1
10167665-10103|0095544|1|9999|415900|0|0|0|0|1
10167665-10103|0095543|1|9999|425900|0|0|0|0|1
10167665-10103|0095541|1|9999|232900|0|0|0|0|1
10167665-10103|0095548|1|9999|331900|0|0|0|0|1
10167665-10103|0095549|1|9999|452900|0|0|0|0|1
10167665-10103|0095550|1|9999|702900|0|0|0|0|1
10167719-10103|0095664|1|9999|5100|0|0|0|0|1
10167719-10103|0095663|1|9999|5100|0|0|0|0|1
10167700-10103|0095774|1|9999|14000|0|0|0|0|1
10167749-10103|0094129|1|9999|3249000|0|0|0|0|1
10167758-10103|0095794|1|9999|12099000|0|0|0|0|1
10167758-10103|0095797|1|9999|8599000|0|0|0|0|1
10167758-10103|0095796|1|9999|34949000|0|0|0|0|1
10167758-10103|0095795|1|9999|14499000|0|0|0|0|1
10167758-10103|0095793|1|9999|949000|0|0|0|0|1
10167749-10103|0095798|1|9999|1949000|0|0|0|0|1
10167682-10103|0095724|1|9999|35500|0|0|0|0|1
10167685-10103|0095725|1|9999|64900|0|0|0|0|1
10167691-10103|0095732|1|9999|32500|0|0|0|0|1
10167691-10103|0095733|1|9999|32500|0|0|0|0|1
10167685-10103|0095726|1|9999|64900|0|0|0|0|1
10167685-10103|0095727|1|9999|64900|0|0|0|0|1
10167685-10103|0095728|1|9999|69500|0|0|0|0|1
10167664-10103|0095802|1|9999|15700|0|0|0|0|1
10167585-10103|0095740|1|9999|161100|0|0|0|0|1
10167585-10103|0095739|1|9999|330300|0|0|0|0|1
10167662-10103|0095973|1|9999|9750|0|0|0|0|1
10167662-10103|0095969|1|9999|9750|0|0|0|0|1
10167749-10103|0096052|1|9999|24899000|0|0|0|0|1
10167749-10103|0096051|1|9999|15999000|0|0|0|0|1
10167749-10103|0096050|1|9999|18499000|0|0|0|0|1
10167749-10103|0096057|1|9999|13299000|0|0|0|0|1
10167749-10103|0096056|1|9999|7799000|0|0|0|0|1
10167749-10103|0096055|1|9999|24899000|0|0|0|0|1
10167749-10103|0096054|1|9999|14699000|0|0|0|0|1
10167749-10103|0060234|1|9999|1049000|0|0|0|0|1
10167666-10103|0096044|1|9999|238900|0|0|0|0|1
10167719-10103|0096130|1|9999|20300|0|0|0|0|1
10167719-10103|0096131|1|9999|20300|0|0|0|0|1
10167719-10103|0096132|1|9999|7850|0|0|0|0|1
10167719-10103|0096133|1|9999|7950|0|0|0|0|1
10167758-10103|0096223|1|9999|9849000|0|0|0|0|1
10167749-10103|0096226|1|9999|7649000|0|0|0|0|1
10167749-10103|0096227|1|9999|15499000|0|0|0|0|1
10167667-10103|0096230|1|9999|1069900|0|0|0|0|1
10167667-10103|0096231|1|9999|974900|0|0|0|0|1
10167667-10103|0096233|1|9999|2475900|0|0|0|0|1
10167691-10103|0031129|1|9999|10300|0|0|0|0|1
10167666-10103|1717381|1|9999|1513900|0|0|0|0|1
10167758-10103|1718020|1|9999|11949000|0|0|0|0|1
10167758-10103|1719380|1|9999|6399000|0|0|0|0|1
10167758-10103|1719400|1|9999|6049000|0|0|0|0|1
10167662-10103|1719760|1|9999|13500|0|0|0|0|1
10167693-10103|1723561|1|9999|60500|0|0|0|0|1
10167699-10103|0070049|1|9999|33000|0|0|0|0|1
10167699-10103|0070050|1|9999|33000|0|0|0|0|1
10167685-10103|0065222|1|9999|170900|0|0|0|0|1
10167663-10103|1726480|1|9999|536900|0|0|0|0|1
10167749-10103|1726940|1|9999|1599000|0|0|0|0|1
10167683-10103|1727720|1|9999|58500|0|0|0|0|1
10167683-10103|1727760|1|9999|92500|0|0|0|0|1
10167683-10103|1727780|1|9999|102500|0|0|0|0|1
10167683-10103|1727820|1|9999|110900|0|0|0|0|1
10167683-10103|1727860|1|9999|110900|0|0|0|0|1
10167683-10103|1727905|1|9999|110900|0|0|0|0|1
10167682-10103|1728000|1|9999|7900|0|0|0|0|1
10167682-10103|1728001|1|9999|15900|0|0|0|0|1
10167682-10103|1728002|1|9999|13900|0|0|0|0|1
10167682-10103|1728060|1|9999|20500|0|0|0|0|1
10167719-10103|0029805|1|9999|5400|0|0|0|0|1
10167699-10103|1730920|1|9999|27500|0|0|0|0|1
10167749-10103|1731081|1|9999|3199000|0|0|0|0|1
10167749-10103|1731082|1|9999|3599000|0|0|0|0|1
10167684-10103|0059296|1|9999|53500|0|0|0|0|1
10167684-10103|0059297|1|9999|53500|0|0|0|0|1
10167684-10103|0059298|1|9999|53500|0|0|0|0|1
10167749-10103|1732100|1|9999|8399000|0|0|0|0|1
10167749-10103|1732120|1|9999|9649000|0|0|0|0|1
10167749-10103|1732140|1|9999|10199000|0|0|0|0|1
10167758-10103|1733541|1|9999|9399000|0|0|0|0|1
10167758-10103|1733560|1|9999|9549000|0|0|0|0|1
10164751-10103|0068674|1|9999||50|0|0|0|1
10164751-10103|0068684|1|9999||50|0|0|0|1
10167691-10103|0056072|1|9999|36900|0|0|0|0|1
10167684-10103|1736960|1|9999|78500|0|0|0|0|1
10167684-10103|1736980|1|9999|78500|0|0|0|0|1
10167684-10103|1736981|1|9999|78500|0|0|0|0|1
10167691-10103|1737022|1|9999|36500|0|0|0|0|1
10167689-10103|1737080|1|9999|68500|0|0|0|0|1
10167689-10103|1737121|1|9999|78500|0|0|0|0|1
10167689-10103|1737160|1|9999|78500|0|0|0|0|1
10167689-10103|1737180|1|9999|83900|0|0|0|0|1
10167683-10103|1737200|1|9999|83900|0|0|0|0|1
10167569-10103|1741560|1|9999|10900|0|0|0|0|1
10167699-10103|1742460|1|9999|31500|0|0|0|0|1
10167700-10103|1745200|1|9999|19200|0|0|0|0|1
10167700-10103|1745260|1|9999|9700|0|0|0|0|1
10167685-10103|1745700|1|9999|74900|0|0|0|0|1
10167685-10103|1745702|1|9999|74900|0|0|0|0|1
10167685-10103|1745720|1|9999|74900|0|0|0|0|1
10167689-10103|1747400|1|9999|47900|0|0|0|0|1
10167756-10103|0046877|1|9999||15|0|0|0|1
10167682-10103|1748140|1|9999|11900|0|0|0|0|1
10167682-10103|1748160|1|9999|11900|0|0|0|0|1
10167682-10103|1748180|1|9999|11900|0|0|0|0|1
10167758-10103|1749780|1|9999|7699000|0|0|0|0|1
10167711-10103|1754340|1|9999|49900|0|0|0|0|1
10167704-10103|1754421|1|9999|11250|0|0|0|0|1
10167704-10103|1754500|1|9999|34500|0|0|0|0|1
10167758-10103|1758500|1|9999|6999000|0|0|0|0|1
10167758-10103|1758520|1|9999|10699000|0|0|0|0|1
10167482-10103|1758804|1|9999|19900|0|0|0|0|1
10167684-10103|1761360|1|9999|139500|0|0|0|0|1
10167722-10103|0088187|1|9999|265000|0|0|0|0|1
10167722-10103|0088185|1|9999|265000|0|0|0|0|1
10167756-10103|0075882|1|9999||15|0|0|0|1
10167742-10103|0047912|1|9999|22900|0|0|0|0|1
10167707-10103|1771061|1|9999|15800|0|0|0|0|1
10167667-10103|1771740|1|9999|427900|0|0|0|0|1
10167682-10103|1772480|1|9999|4800|0|0|0|0|1
10167682-10103|1772500|1|9999|30500|0|0|0|0|1
10167682-10103|1772520|1|9999|13900|0|0|0|0|1
10167682-10103|1772560|1|9999|18500|0|0|0|0|1
10167663-10103|1772600|1|9999|2377900|0|0|0|0|1
10167663-10103|1772620|1|9999|1056900|0|0|0|0|1
10167663-10103|1772640|1|9999|3382900|0|0|0|0|1
10167663-10103|1772660|1|9999|3648900|0|0|0|0|1
10167663-10103|1772680|1|9999|981900|0|0|0|0|1
10166034-10103|1774620|1|9999||50|0|0|0|1
10166034-10103|1774621|1|9999||50|0|0|0|1
10166034-10103|1774622|1|9999||50|0|0|0|1
10166034-10103|1774623|1|9999||50|0|0|0|1
10166034-10103|1774624|1|9999||50|0|0|0|1
10166034-10103|1774625|1|9999||50|0|0|0|1
10166034-10103|1774626|1|9999||50|0|0|0|1
10166034-10103|1774627|1|9999||50|0|0|0|1
10166034-10103|1774628|1|9999||50|0|0|0|1
10166034-10103|1774629|1|9999||50|0|0|0|1
10166034-10103|1774630|1|9999||50|0|0|0|1
10166034-10103|1774633|1|9999||50|0|0|0|1
10166034-10103|1774634|1|9999||50|0|0|0|1
10167719-10103|1774845|1|9999|8900|0|0|0|0|1
10167683-10103|1775473|1|9999|211500|0|0|0|0|1
10167683-10103|1775474|1|9999|211500|0|0|0|0|1
10167683-10103|1775475|1|9999|211500|0|0|0|0|1
10167683-10103|1775476|1|9999|172500|0|0|0|0|1
10167683-10103|1775477|1|9999|108900|0|0|0|0|1
10167700-10103|1776103|1|9999|13600|0|0|0|0|1
10167700-10103|1776109|1|9999|25500|0|0|0|0|1
10167700-10103|1776110|1|9999|25500|0|0|0|0|1
10167700-10103|1776132|1|9999|25500|0|0|0|0|1
10167700-10103|1776133|1|9999|14000|0|0|0|0|1
10167664-10103|1776421|1|9999|8350|0|0|0|0|1
10167664-10103|1776422|1|9999|8350|0|0|0|0|1
10167682-10103|1776783|1|9999|20500|0|0|0|0|1
10167682-10103|1776784|1|9999|20500|0|0|0|0|1
10167682-10103|1776866|1|9999|18500|0|0|0|0|1
10167682-10103|1776867|1|9999|4700|0|0|0|0|1
10167682-10103|1776868|1|9999|4800|0|0|0|0|1
10167685-10103|1777000|1|9999|59500|0|0|0|0|1
10167747-10103|0020457|1|9999||20|0|0|0|1
10167758-10103|1777803|1|9999|3799000|0|0|0|0|1
10167758-10103|1777804|1|9999|6549000|0|0|0|0|1
10166034-10103|0067524|1|9999||50|0|0|0|1
10166034-10103|0092777|1|9999||50|0|0|0|1
10166034-10103|0067522|1|9999||50|0|0|0|1
10166034-10103|1778672|1|9999||50|0|0|0|1
10166034-10103|0052293|1|9999||50|0|0|0|1
10166034-10103|1778699|1|9999||50|0|0|0|1
10166034-10103|1778703|1|9999||50|0|0|0|1
10166034-10103|1778726|1|9999||50|0|0|0|1
10166034-10103|1778727|1|9999||50|0|0|0|1
10166034-10103|1778729|1|9999||50|0|0|0|1
10166034-10103|1778730|1|9999||50|0|0|0|1
10166034-10103|1778731|1|9999||50|0|0|0|1
10166034-10103|1778732|1|9999||50|0|0|0|1
10167693-10103|1778852|1|9999|6100|0|0|0|0|1
10167666-10103|1778866|1|9999|247900|0|0|0|0|1
10167663-10103|1778867|1|9999|169900|0|0|0|0|1
10167758-10103|1779461|1|9999|10149000|0|0|0|0|1
10167758-10103|1779462|1|9999|2299000|0|0|0|0|1
10167758-10103|1779463|1|9999|3749000|0|0|0|0|1
10167758-10103|1779465|1|9999|3899000|0|0|0|0|1
10167747-10103|1779672|1|9999||20|0|0|0|1
10167747-10103|1779678|1|9999||20|0|0|0|1
10167749-10103|1779786|1|9999|2849000|0|0|0|0|1
10167685-10103|1780040|1|9999|13900|0|0|0|0|1
10167685-10103|1780041|1|9999|13900|0|0|0|0|1
10167685-10103|1780042|1|9999|13900|0|0|0|0|1
10167756-10103|1780126|1|9999||15|0|0|0|1
10167755-10103|1780197|1|9999||20|0|0|0|1
10167749-10103|1780740|1|9999|2249000|0|0|0|0|1
10167749-10103|1780741|1|9999|1949000|0|0|0|0|1
10167710-10103|1781889|1|9999|32500|0|0|0|0|1
10167710-10103|1781890|1|9999|32500|0|0|0|0|1
10167710-10103|1781891|1|9999|29900|0|0|0|0|1
10167710-10103|1781892|1|9999|29900|0|0|0|0|1
10167747-10103|0064519|1|9999||20|0|0|0|1
10167747-10103|122227|1|9999||20|0|0|0|1
10167711-10103|1783163|1|9999|129500|0|0|0|0|1
10167749-10103|1783457|1|9999|7249000|0|0|0|0|1
10167758-10103|1783602|1|9999|2549000|0|0|0|0|1
10167758-10103|1783603|1|9999|2949000|0|0|0|0|1
10167758-10103|1783605|1|9999|3199000|0|0|0|0|1
10167758-10103|1783606|1|9999|1749000|0|0|0|0|1
10167711-10103|1784386|1|9999|2300|0|0|0|0|1
10167711-10103|1784387|1|9999|2300|0|0|0|0|1
10167711-10103|1784394|1|9999|2300|0|0|0|0|1
10167711-10103|1784597|1|9999|2300|0|0|0|0|1
10167711-10103|1784598|1|9999|2300|0|0|0|0|1
10167711-10103|1784600|1|9999|23800|0|0|0|0|1
10167711-10103|1784601|1|9999|5600|0|0|0|0|1
10167711-10103|1784602|1|9999|5600|0|0|0|0|1
10167711-10103|1784603|1|9999|5600|0|0|0|0|1
10167711-10103|1784604|1|9999|5600|0|0|0|0|1
10167711-10103|1784611|1|9999|5600|0|0|0|0|1
10167594-10103|1784795|1|9999|29600|0|0|0|0|1
10167594-10103|1784811|1|9999|29600|0|0|0|0|1
10167710-10103|1784850|1|9999|128900|0|0|0|0|1
10167710-10103|1784851|1|9999|128900|0|0|0|0|1
10167710-10103|1784855|1|9999|150900|0|0|0|0|1
10167747-10103|1785120|1|9999||20|0|0|0|1
10167747-10103|1785121|1|9999||20|0|0|0|1
10167747-10103|1785448|1|9999||20|0|0|0|1
10167664-10103|1786304|1|9999|15100|0|0|0|0|1
10167482-10103|1786370|1|9999|19900|0|0|0|0|1
10167482-10103|1786371|1|9999|19900|0|0|0|0|1
10167749-10103|1786760|1|9999|699000|0|0|0|0|1
10167749-10103|1786782|1|9999|999000|0|0|0|0|1
10167749-10103|1786784|1|9999|349000|0|0|0|0|1
10167749-10103|1786787|1|9999|699000|0|0|0|0|1
10167583-10103|1786790|1|9999|37000|0|0|0|0|1
10167704-10103|1787221|1|9999|16700|0|0|0|0|1
10167704-10103|1787223|1|9999|6900|0|0|0|0|1
10163464-10103|1787232|1|9999|19900|0|0|0|0|1
10163464-10103|1787244|1|9999|16900|0|0|0|0|1
10167749-10103|1787245|1|9999|1749000|0|0|0|0|1
10167700-10103|1789447|1|9999|5200|0|0|0|0|1
10167701-10103|1789448|1|9999|7500|0|0|0|0|1
10167712-10103|1789523|1|9999|116900|0|0|0|0|1
10167758-10103|1790105|1|9999|5099000|0|0|0|0|1
10167758-10103|1790120|1|9999|5899000|0|0|0|0|1
10167758-10103|1790121|1|9999|3699000|0|0|0|0|1
10167758-10103|1790122|1|9999|6699000|0|0|0|0|1
10167758-10103|1790147|1|9999|2099000|0|0|0|0|1
10167756-10103|1790903|1|9999||15|0|0|0|1
10167712-10103|1791172|1|9999|116900|0|0|0|0|1
10167749-10103|1791624|1|9999|1599000|0|0|0|0|1
10167749-10103|1791626|1|9999|199000|0|0|0|0|1
10167749-10103|1791628|1|9999|3749000|0|0|0|0|1
10167749-10103|1791631|1|9999|2149000|0|0|0|0|1
10167699-10103|1791900|1|9999|30600|0|0|0|0|1
10167699-10103|1791901|1|9999|30600|0|0|0|0|1
10167699-10103|1791902|1|9999|30600|0|0|0|0|1
10167699-10103|1791906|1|9999|30600|0|0|0|0|1
10167667-10103|1792051|1|9999|559900|0|0|0|0|1
10167667-10103|1792052|1|9999|1292900|0|0|0|0|1
10167667-10103|1792053|1|9999|256900|0|0|0|0|1
10167749-10103|1792343|1|9999|399000|0|0|0|0|1
10167749-10103|1792344|1|9999|499000|0|0|0|0|1
10167664-10103|1792397|1|9999|4000|0|0|0|0|1
10167664-10103|1792422|1|9999|4000|0|0|0|0|1
10167756-10103|1792438|1|9999||15|0|0|0|1
10167682-10103|1793964|1|9999|4500|0|0|0|0|1
10167682-10103|1793984|1|9999|11900|0|0|0|0|1
10167682-10103|1793986|1|9999|11900|0|0|0|0|1
10167684-10103|1793988|1|9999|45900|0|0|0|0|1
10167684-10103|1794027|1|9999|59500|0|0|0|0|1
10167691-10103|1794132|1|9999|7900|0|0|0|0|1
10167749-10103|1794145|1|9999|3799000|0|0|0|0|1
10167700-10103|1794165|1|9999|14700|0|0|0|0|1
10167700-10103|1794166|1|9999|25500|0|0|0|0|1
10167700-10103|1794167|1|9999|14500|0|0|0|0|1
10167700-10103|1794169|1|9999|21200|0|0|0|0|1
10167700-10103|1794170|1|9999|21200|0|0|0|0|1
10167719-10103|1794248|1|9999|5500|0|0|0|0|1
10167722-10103|1795342|1|9999|24300|0|0|0|0|1
10167722-10103|1795343|1|9999|24300|0|0|0|0|1
10167711-10103|1795344|1|9999|2300|0|0|0|0|1
10167722-10103|1795345|1|9999|24300|0|0|0|0|1
10167722-10103|1795346|1|9999|24300|0|0|0|0|1
10167711-10103|1795347|1|9999|2300|0|0|0|0|1
10167722-10103|1795350|1|9999|24300|0|0|0|0|1
10167758-10103|1795357|1|9999|7999000|0|0|0|0|1
10167756-10103|1795629|1|9999||15|0|0|0|1
10167688-10103|1797164|1|9999|163500|0|0|0|0|1
10167683-10103|1797165|1|9999|74500|0|0|0|0|1
10167683-10103|1797170|1|9999|74500|0|0|0|0|1
10167688-10103|1797180|1|9999|163500|0|0|0|0|1
10167688-10103|1797181|1|9999|163500|0|0|0|0|1
10167683-10103|1797182|1|9999|82900|0|0|0|0|1
10167683-10103|1797184|1|9999|92500|0|0|0|0|1
10167688-10103|1797185|1|9999|100900|0|0|0|0|1
10167688-10103|1797186|1|9999|201900|0|0|0|0|1
10167688-10103|1797187|1|9999|201900|0|0|0|0|1
10167688-10103|1797188|1|9999|240500|0|0|0|0|1
10167688-10103|1797189|1|9999|240500|0|0|0|0|1
10167688-10103|1797190|1|9999|240500|0|0|0|0|1
10167685-10103|1797191|1|9999|45500|0|0|0|0|1
10167685-10103|1797192|1|9999|47500|0|0|0|0|1
10167685-10103|1797193|1|9999|50900|0|0|0|0|1
10167685-10103|1797194|1|9999|60500|0|0|0|0|1
10167685-10103|1797195|1|9999|63500|0|0|0|0|1
10167685-10103|1797196|1|9999|50900|0|0|0|0|1
10167758-10103|1797428|1|9999|4499000|0|0|0|0|1
10167663-10103|1797781|1|9999|989900|0|0|0|0|1
10167696-10103|1797806|1|9999|64500|0|0|0|0|1
10167696-10103|1797807|1|9999|39900|0|0|0|0|1
10167719-10103|1797854|1|9999|5100|0|0|0|0|1
10167749-10103|1797880|1|9999|2999000|0|0|0|0|1
10167749-10103|1797887|1|9999|9999000|0|0|0|0|1
10167711-10103|1797893|1|9999|9100|0|0|0|0|1
10167711-10103|1798805|1|9999|26500|0|0|0|0|1
10163413-10103|1798998|1|9999||20|0|0|0|1
10163413-10103|1799000|1|9999||20|0|0|0|1
10163413-10103|1799001|1|9999||20|0|0|0|1
10163413-10103|1799003|1|9999||20|0|0|0|1
10163413-10103|1799006|1|9999||20|0|0|0|1
10167722-10103|1799218|1|9999|38700|0|0|0|0|1
10167722-10103|1799222|1|9999|38700|0|0|0|0|1
10167722-10103|1799227|1|9999|38700|0|0|0|0|1
10167722-10103|1799228|1|9999|38700|0|0|0|0|1
10167722-10103|1799229|1|9999|38700|0|0|0|0|1
10167682-10103|1799306|1|9999|11900|0|0|0|0|1
10167691-10103|1799425|1|9999|25900|0|0|0|0|1
10167691-10103|1799430|1|9999|33900|0|0|0|0|1
10167699-10103|1799565|1|9999|16000|0|0|0|0|1
10167699-10103|1799567|1|9999|58300|0|0|0|0|1
10167701-10103|1800692|1|9999|15900|0|0|0|0|1
10167704-10103|1800693|1|9999|9900|0|0|0|0|1
10167758-10103|1800760|1|9999|10849000|0|0|0|0|1
10167691-10103|1800819|1|9999|21500|0|0|0|0|1
10167684-10103|1800821|1|9999|12900|0|0|0|0|1
10167685-10103|1800863|1|9999|77900|0|0|0|0|1
10167685-10103|1800864|1|9999|77900|0|0|0|0|1
10167685-10103|1800871|1|9999|95500|0|0|0|0|1
10167711-10103|1801691|1|9999|5900|0|0|0|0|1
10167711-10103|1801693|1|9999|5900|0|0|0|0|1
10167711-10103|1801694|1|9999|5900|0|0|0|0|1
10167711-10103|1801695|1|9999|5900|0|0|0|0|1
10167711-10103|1801697|1|9999|5900|0|0|0|0|1
10167749-10103|1802116|1|9999|1699000|0|0|0|0|1
10167749-10103|1802117|1|9999|1799000|0|0|0|0|1
10167749-10103|1802118|1|9999|1949000|0|0|0|0|1
10167749-10103|1802120|1|9999|1849000|0|0|0|0|1
10167758-10103|1802140|1|9999|20149000|0|0|0|0|1
10167569-10103|1802145|1|9999|25900|0|0|0|0|1
10167711-10103|1802229|1|9999|3750|0|0|0|0|1
10167711-10103|1802230|1|9999|6800|0|0|0|0|1
10167711-10103|1802231|1|9999|5800|0|0|0|0|1
10167691-10103|1802293|1|9999|24900|0|0|0|0|1
10167749-10103|1803384|1|9999|5099000|0|0|0|0|1
10167749-10103|1803385|1|9999|6999000|0|0|0|0|1
10167749-10103|1803386|1|9999|8499000|0|0|0|0|1
10167749-10103|1803387|1|9999|10599000|0|0|0|0|1
10167749-10103|1803400|1|9999|7799000|0|0|0|0|1
10167683-10103|1803419|1|9999|64900|0|0|0|0|1
10167683-10103|1803420|1|9999|102900|0|0|0|0|1
10167667-10103|1803865|1|9999|1437900|0|0|0|0|1
10167667-10103|1803866|1|9999|359900|0|0|0|0|1
10167667-10103|1803868|1|9999|677900|0|0|0|0|1
10167758-10103|1804072|1|9999|17999000|0|0|0|0|1
10167758-10103|1804073|1|9999|6899000|0|0|0|0|1
10167758-10103|1804080|1|9999|2949000|0|0|0|0|1
10167758-10103|1804081|1|9999|3449000|0|0|0|0|1
10167758-10103|1804082|1|9999|4149000|0|0|0|0|1
10167749-10103|1804083|1|9999|3949000|0|0|0|0|1
10167749-10103|1804504|1|9999|3799000|0|0|0|0|1
10167711-10103|1804785|1|9999|5900|0|0|0|0|1
10167711-10103|1805039|1|9999|6400|0|0|0|0|1
10167685-10103|1805109|1|9999|53900|0|0|0|0|1
10167685-10103|1805111|1|9999|53900|0|0|0|0|1
10167685-10103|1805112|1|9999|65500|0|0|0|0|1
10167685-10103|1805113|1|9999|53900|0|0|0|0|1
10167758-10103|1805119|1|9999|2599000|0|0|0|0|1
10167758-10103|1805230|1|9999|7549000|0|0|0|0|1
10167682-10103|1805662|1|9999|35500|0|0|0|0|1
10167704-10103|1805807|1|9999|14300|0|0|0|0|1
10167719-10103|1805810|1|9999|3550|0|0|0|0|1
10167719-10103|1806068|1|9999|3550|0|0|0|0|1
10167715-10103|1807153|1|9999|2900|0|0|0|0|1
10167715-10103|1807156|1|9999|2900|0|0|0|0|1
10167715-10103|1807157|1|9999|4600|0|0|0|0|1
10167685-10103|1807415|1|9999|55900|0|0|0|0|1
10167685-10103|1807416|1|9999|55900|0|0|0|0|1
10167685-10103|1807417|1|9999|47900|0|0|0|0|1
10167685-10103|1807418|1|9999|47900|0|0|0|0|1
10167685-10103|1807419|1|9999|47900|0|0|0|0|1
10167691-10103|1807420|1|9999|65500|0|0|0|0|1
10167685-10103|1807421|1|9999|65500|0|0|0|0|1
10167691-10103|1807463|1|9999|15500|0|0|0|0|1
10167691-10103|1807464|1|9999|25900|0|0|0|0|1
10167691-10103|1807465|1|9999|33900|0|0|0|0|1
10167685-10103|1807479|1|9999|12900|0|0|0|0|1
10167719-10103|1807706|1|9999|4950|0|0|0|0|1
10167749-10103|1808079|1|9999|23399000|0|0|0|0|1
10167723-10103|1809506|1|9999|6300|0|0|0|0|1
10167723-10103|1809507|1|9999|28300|0|0|0|0|1
10167719-10103|1810041|1|9999|7500|0|0|0|0|1
10167719-10103|1810042|1|9999|2850|0|0|0|0|1
10167719-10103|1810043|1|9999|13500|0|0|0|0|1
10167682-10103|1811388|1|9999|5400|0|0|0|0|1
10167685-10103|1811389|1|9999|18900|0|0|0|0|1
10167685-10103|1811390|1|9999|18900|0|0|0|0|1
10167683-10103|1811391|1|9999|11500|0|0|0|0|1
10167683-10103|1811393|1|9999|9200|0|0|0|0|1
10167683-10103|1811394|1|9999|9200|0|0|0|0|1
10167683-10103|1811395|1|9999|9200|0|0|0|0|1
10167683-10103|1811396|1|9999|21500|0|0|0|0|1
10167747-10103|1811820|1|9999||20|0|0|0|1
10167747-10103|0077413|1|9999||20|0|0|0|1
10167747-10103|1813166|1|9999||20|0|0|0|1
10167747-10103|1813168|1|9999||20|0|0|0|1
